mjd	ab_mag	ab_mag_err	flux_dens	flux_dens_err
58294.48	18.71	0.06	8.87e-17	4.64e-18
58294.48	12.34	nan	3.13e-14	nan
58297.43	12.26	nan	3.39e-14	nan
58298.45	18.68	0.09	9.14e-17	7.16e-18
58300.42	12.20	nan	3.56e-14	nan
58301.44	18.77	0.07	8.39e-17	5.33e-18
58303.47	12.31	nan	3.21e-14	nan
58310.45	12.18	nan	3.62e-14	nan
58312.45	18.66	0.02	9.30e-17	1.73e-18
58313.43	12.18	nan	3.63e-14	nan
58316.46	12.25	nan	3.41e-14	nan
58319.46	12.37	nan	3.05e-14	nan
58321.48	18.65	0.02	9.37e-17	1.74e-18
58322.49	12.39	nan	2.99e-14	nan
58324.46	18.66	0.02	9.27e-17	1.95e-18
58325.48	12.33	nan	3.15e-14	nan
58327.42	18.70	0.18	8.94e-17	1.45e-17
58328.43	11.40	nan	7.48e-14	nan
58330.43	18.59	0.06	9.93e-17	5.77e-18
58331.42	12.35	nan	3.11e-14	nan
58335.47	12.37	nan	3.06e-14	nan
58335.47	18.62	0.03	9.65e-17	2.44e-18
58335.48	18.58	0.03	1.01e-16	2.67e-18
58336.45	12.40	nan	2.98e-14	nan
58336.45	12.39	nan	2.99e-14	nan
58336.45	12.52	nan	2.66e-14	nan
58336.45	18.60	0.02	9.87e-17	1.44e-18
58336.45	12.53	nan	2.63e-14	nan
58336.45	18.60	0.01	9.87e-17	1.21e-18
58336.45	18.59	0.02	9.94e-17	1.70e-18
58336.45	18.61	0.02	9.73e-17	1.75e-18
58338.48	12.36	nan	3.08e-14	nan
58338.48	18.54	0.02	1.04e-16	1.55e-18
58338.50	12.50	nan	2.70e-14	nan
58338.50	18.64	0.01	9.44e-17	1.02e-18
58342.48	12.30	nan	3.25e-14	nan
58342.48	18.53	0.01	1.05e-16	1.41e-18
58344.46	12.35	nan	3.11e-14	nan
58344.46	12.49	nan	2.74e-14	nan
58344.46	18.59	0.01	9.96e-17	9.65e-19
58345.46	18.54	0.02	1.04e-16	1.61e-18
58345.48	12.34	nan	3.15e-14	nan
58345.48	18.60	0.01	9.86e-17	1.28e-18
58346.43	12.31	nan	3.23e-14	nan
58346.46	18.58	0.01	1.00e-16	1.03e-18
58347.43	12.32	nan	3.21e-14	nan
58347.44	18.56	0.01	1.02e-16	9.82e-19
58347.44	12.49	nan	2.74e-14	nan
58347.44	18.56	0.01	1.02e-16	1.01e-18
58347.44	18.55	0.01	1.03e-16	7.71e-19
58348.43	12.34	nan	3.14e-14	nan
58348.44	12.34	nan	3.14e-14	nan
58348.44	18.56	0.00	1.02e-16	2.46e-19
58348.44	18.58	0.01	1.01e-16	5.12e-19
58349.48	12.38	nan	3.03e-14	nan
58350.41	12.38	nan	3.02e-14	nan
58350.41	18.57	0.01	1.01e-16	4.79e-19
58351.39	12.36	nan	3.08e-14	nan
58351.50	18.56	0.01	1.02e-16	6.22e-19
58353.35	12.49	nan	2.74e-14	nan
58353.35	18.51	0.03	1.07e-16	2.49e-18
58353.42	18.48	0.02	1.10e-16	2.06e-18
58353.44	12.40	nan	2.98e-14	nan
58353.48	12.40	nan	2.97e-14	nan
58353.49	18.50	0.01	1.08e-16	6.05e-19
58354.37	18.55	0.04	1.03e-16	3.33e-18
58354.37	12.52	nan	2.65e-14	nan
58354.46	12.39	nan	3.00e-14	nan
58354.47	18.46	0.02	1.12e-16	2.19e-18
58354.47	12.41	nan	2.94e-14	nan
58354.47	18.55	0.02	1.03e-16	1.93e-18
58354.49	12.39	nan	3.00e-14	nan
58354.49	18.50	0.01	1.08e-16	6.27e-19
58354.49	12.40	nan	2.98e-14	nan
58354.49	18.52	0.01	1.06e-16	7.25e-19
58355.35	12.50	nan	2.71e-14	nan
58355.35	18.59	0.04	9.91e-17	3.83e-18
58355.42	12.39	nan	3.00e-14	nan
58355.48	12.39	nan	2.99e-14	nan
58355.50	18.55	0.03	1.03e-16	2.93e-18
58356.35	18.42	0.04	1.16e-16	4.66e-18
58356.35	12.53	nan	2.63e-14	nan
58356.43	12.40	nan	2.98e-14	nan
58356.43	18.52	0.05	1.05e-16	4.66e-18
58356.47	12.42	nan	2.91e-14	nan
58356.50	18.48	0.04	1.10e-16	4.20e-18
58357.35	12.52	nan	2.66e-14	nan
58357.35	18.53	0.05	1.05e-16	4.84e-18
58357.40	12.40	nan	2.98e-14	nan
58357.40	12.42	nan	2.92e-14	nan
58357.42	18.47	0.05	1.11e-16	4.72e-18
58357.42	18.45	0.05	1.13e-16	5.07e-18
58357.47	18.53	0.05	1.05e-16	4.37e-18
58357.47	12.41	nan	2.93e-14	nan
58357.47	18.55	0.04	1.03e-16	4.22e-18
58357.47	12.44	nan	2.85e-14	nan
58358.43	12.31	nan	3.22e-14	nan
58358.43	18.47	0.07	1.11e-16	7.41e-18
58359.32	12.38	nan	3.02e-14	nan
58359.42	11.80	nan	5.14e-14	nan
58362.40	18.50	0.03	1.08e-16	2.55e-18
58362.40	12.52	nan	2.67e-14	nan
58362.40	18.53	0.03	1.05e-16	3.29e-18
58362.40	18.47	0.03	1.11e-16	3.06e-18
58362.42	12.40	nan	2.96e-14	nan
58362.42	12.42	nan	2.91e-14	nan
58363.45	18.44	0.02	1.14e-16	2.47e-18
58363.45	12.49	nan	2.73e-14	nan
58363.47	18.51	0.03	1.07e-16	2.68e-18
58363.47	12.37	nan	3.05e-14	nan
58364.38	12.35	nan	3.12e-14	nan
58364.39	18.51	0.02	1.07e-16	2.20e-18
58364.39	18.45	0.01	1.13e-16	1.03e-18
58364.39	12.46	nan	2.80e-14	nan
58365.39	18.44	0.01	1.14e-16	1.44e-18
58365.39	18.47	0.02	1.11e-16	1.70e-18
58365.39	12.38	nan	3.03e-14	nan
58365.39	12.40	nan	2.96e-14	nan
58366.37	12.38	nan	3.02e-14	nan
58366.38	18.47	0.02	1.10e-16	1.68e-18
58367.38	18.44	0.01	1.13e-16	1.18e-18
58367.38	12.38	nan	3.03e-14	nan
58368.43	12.40	nan	2.96e-14	nan
58368.43	18.41	0.01	1.17e-16	1.23e-18
58368.44	12.41	nan	2.95e-14	nan
58368.44	18.46	0.01	1.12e-16	1.26e-18
58369.40	18.48	0.02	1.10e-16	1.81e-18
58369.40	12.39	nan	3.01e-14	nan
58370.43	12.41	nan	2.95e-14	nan
58370.43	18.40	0.01	1.18e-16	1.17e-18
58371.41	12.53	nan	2.64e-14	nan
58371.41	18.43	0.01	1.15e-16	9.40e-19
58371.43	18.40	0.01	1.18e-16	1.20e-18
58371.43	12.43	nan	2.88e-14	nan
58371.43	18.41	0.01	1.17e-16	8.04e-19
58371.43	12.41	nan	2.95e-14	nan
58372.39	12.40	nan	2.96e-14	nan
58372.39	18.41	0.01	1.17e-16	1.52e-18
58373.45	18.40	0.02	1.19e-16	1.69e-18
58373.45	12.40	nan	2.97e-14	nan
58374.36	12.40	nan	2.98e-14	nan
58374.36	12.41	nan	2.95e-14	nan
58374.39	18.38	0.01	1.20e-16	1.37e-18
58374.39	18.44	0.01	1.14e-16	1.03e-18
58375.37	12.39	nan	2.99e-14	nan
58375.37	18.40	0.01	1.18e-16	1.39e-18
58377.41	18.34	0.02	1.24e-16	2.01e-18
58377.41	18.37	0.02	1.22e-16	1.81e-18
58377.42	12.37	nan	3.05e-14	nan
58377.43	12.40	nan	2.96e-14	nan
58378.38	18.39	0.01	1.19e-16	1.51e-18
58378.38	12.43	nan	2.90e-14	nan
58379.40	18.32	0.02	1.27e-16	1.79e-18
58379.40	12.43	nan	2.89e-14	nan
58380.31	18.54	0.01	1.04e-16	1.13e-18
58380.31	12.60	nan	2.46e-14	nan
58380.43	12.38	nan	3.03e-14	nan
58380.43	18.39	0.02	1.20e-16	1.68e-18
58380.43	12.37	nan	3.06e-14	nan
58380.43	18.43	0.02	1.15e-16	1.59e-18
58382.34	18.35	0.03	1.24e-16	3.01e-18
58382.34	12.39	nan	3.00e-14	nan
58383.35	18.39	0.02	1.20e-16	2.51e-18
58383.35	12.47	nan	2.79e-14	nan
58383.38	12.34	nan	3.13e-14	nan
58383.40	18.38	0.03	1.20e-16	3.31e-18
58383.40	12.39	nan	2.99e-14	nan
58383.40	18.28	0.03	1.32e-16	3.27e-18
58385.30	18.42	0.06	1.16e-16	6.26e-18
58385.32	12.37	nan	3.07e-14	nan
58386.27	12.39	nan	3.00e-14	nan
58386.28	12.40	nan	2.97e-14	nan
58386.40	18.37	0.07	1.22e-16	7.88e-18
58386.41	18.31	0.06	1.28e-16	7.59e-18
58389.31	12.32	nan	3.21e-14	nan
58389.48	18.38	0.06	1.20e-16	6.89e-18
58397.40	18.30	0.01	1.30e-16	1.33e-18
58397.41	12.36	nan	3.08e-14	nan
58422.32	12.36	nan	3.07e-14	nan
58423.38	18.32	0.01	1.27e-16	1.57e-18
58423.38	12.46	nan	2.81e-14	nan
58424.26	18.32	0.03	1.27e-16	3.78e-18
58424.26	12.14	nan	3.78e-14	nan
58425.23	11.23	nan	8.70e-14	nan
58425.23	18.14	0.11	1.51e-16	1.55e-17
58425.25	11.45	nan	7.11e-14	nan
58425.25	18.42	0.08	1.16e-16	8.28e-18
58426.27	18.31	0.01	1.28e-16	1.54e-18
58426.27	12.40	nan	2.98e-14	nan
58428.23	18.32	0.02	1.28e-16	2.19e-18
58428.25	12.38	nan	3.01e-14	nan
58428.27	18.31	0.01	1.29e-16	1.02e-18
58428.27	12.50	nan	2.70e-14	nan
58429.33	18.29	0.01	1.31e-16	8.28e-19
58429.33	12.48	nan	2.76e-14	nan
58431.20	18.33	0.04	1.26e-16	4.81e-18
58431.20	12.36	nan	3.09e-14	nan
58431.33	12.45	nan	2.84e-14	nan
58431.33	18.36	0.05	1.22e-16	5.34e-18
58432.32	18.31	0.03	1.28e-16	3.92e-18
58432.32	12.48	nan	2.75e-14	nan
58434.20	18.29	0.03	1.31e-16	3.33e-18
58434.20	12.38	nan	3.02e-14	nan
58435.33	18.20	0.04	1.42e-16	5.40e-18
58435.33	12.50	nan	2.71e-14	nan
58436.27	18.45	0.19	1.13e-16	1.94e-17
58436.27	11.78	nan	5.27e-14	nan
58437.27	18.32	0.03	1.27e-16	3.00e-18
58437.28	12.50	nan	2.70e-14	nan
58437.28	18.29	0.02	1.31e-16	1.97e-18
58437.30	12.39	nan	3.00e-14	nan
58437.30	12.39	nan	3.00e-14	nan
58438.28	18.15	0.14	1.49e-16	1.89e-17
58438.28	11.17	nan	9.18e-14	nan
58438.29	9.45	nan	4.50e-13	nan
58439.26	11.97	nan	4.43e-14	nan
58439.26	18.36	0.07	1.23e-16	8.03e-18
58441.27	12.37	nan	3.05e-14	nan
58447.33	18.36	0.05	1.22e-16	6.02e-18
58447.34	12.36	nan	3.08e-14	nan
58447.34	12.35	nan	3.11e-14	nan
58449.33	11.41	nan	7.39e-14	nan
58450.31	10.20	nan	2.25e-13	nan
58450.31	10.16	nan	2.33e-13	nan
58455.30	12.36	nan	3.08e-14	nan
58456.19	18.38	0.02	1.21e-16	2.62e-18
58456.20	18.41	0.02	1.18e-16	1.71e-18
58456.20	12.52	nan	2.67e-14	nan
58456.21	12.40	nan	2.98e-14	nan
58456.22	12.39	nan	3.01e-14	nan
58456.26	18.38	0.02	1.20e-16	2.13e-18
58457.17	12.41	nan	2.95e-14	nan
58457.18	12.54	nan	2.60e-14	nan
58457.18	18.38	0.02	1.21e-16	2.52e-18
58462.28	18.57	0.09	1.01e-16	8.12e-18
58462.29	11.00	nan	1.08e-13	nan
58462.29	11.12	nan	9.69e-14	nan
58464.26	12.37	nan	3.07e-14	nan
58465.27	12.38	nan	3.02e-14	nan
58465.27	12.37	nan	3.04e-14	nan
58466.22	11.26	nan	8.46e-14	nan
58466.25	18.45	0.09	1.13e-16	8.96e-18
58468.26	12.38	nan	3.04e-14	nan
58468.26	12.37	nan	3.04e-14	nan
58469.19	12.24	nan	3.43e-14	nan
58472.12	12.40	nan	2.96e-14	nan
58472.12	18.47	0.05	1.11e-16	4.95e-18
58472.12	12.42	nan	2.93e-14	nan
58474.16	12.39	nan	2.99e-14	nan
58475.15	12.41	nan	2.94e-14	nan
58475.15	18.51	0.04	1.07e-16	3.68e-18
58475.15	12.43	nan	2.89e-14	nan
58481.30	12.28	nan	3.32e-14	nan
58486.11	12.40	nan	2.97e-14	nan
58486.11	12.40	nan	2.96e-14	nan
58487.11	18.51	0.02	1.07e-16	1.65e-18
58487.11	12.41	nan	2.95e-14	nan
58488.11	18.34	0.10	1.25e-16	1.11e-17
58488.11	10.85	nan	1.24e-13	nan
58490.13	18.51	0.03	1.07e-16	2.83e-18
58490.15	18.54	0.03	1.04e-16	2.84e-18
58490.16	12.38	nan	3.02e-14	nan
58490.16	12.38	nan	3.03e-14	nan
58491.12	18.49	0.03	1.09e-16	2.84e-18
58491.12	12.38	nan	3.01e-14	nan
58492.14	9.80	nan	3.25e-13	nan
58492.14	18.85	0.15	7.82e-17	1.11e-17
58493.11	18.47	0.02	1.11e-16	2.11e-18
58493.11	12.40	nan	2.96e-14	nan
58493.12	12.39	nan	3.00e-14	nan
58493.12	18.51	0.02	1.07e-16	2.17e-18
58503.11	12.38	nan	3.02e-14	nan
58503.12	12.38	nan	3.03e-14	nan
58510.11	18.53	0.03	1.04e-16	2.54e-18
58510.12	12.39	nan	2.99e-14	nan
58511.11	18.43	0.03	1.15e-16	3.60e-18
58511.13	12.32	nan	3.19e-14	nan
58523.17	12.30	nan	3.25e-14	nan
58523.17	18.54	0.04	1.04e-16	3.76e-18
58540.12	18.56	0.04	1.02e-16	4.18e-18
58540.12	12.30	nan	3.24e-14	nan
58654.45	12.13	nan	3.82e-14	nan
58655.44	18.96	0.15	7.08e-17	9.91e-18
58667.48	12.31	nan	3.22e-14	nan
58667.48	18.83	0.05	7.96e-17	3.44e-18
58670.48	12.30	nan	3.26e-14	nan
58670.48	18.79	0.02	8.29e-17	1.76e-18
58673.45	12.29	nan	3.27e-14	nan
58676.46	18.85	0.03	7.84e-17	1.82e-18
58676.46	12.28	nan	3.32e-14	nan
58678.47	12.33	nan	3.16e-14	nan
58679.47	18.80	0.04	8.19e-17	2.94e-18
58679.47	12.33	nan	3.16e-14	nan
58679.47	18.85	0.04	7.81e-17	2.86e-18
58679.47	12.31	nan	3.23e-14	nan
58680.43	12.31	nan	3.22e-14	nan
58680.43	18.69	0.07	9.04e-17	5.63e-18
58681.44	18.73	0.07	8.69e-17	5.63e-18
58681.44	12.31	nan	3.23e-14	nan
58682.42	18.79	0.06	8.22e-17	4.75e-18
58682.42	18.82	0.06	8.04e-17	4.75e-18
58682.42	12.30	nan	3.25e-14	nan
58682.42	12.30	nan	3.25e-14	nan
58683.44	18.77	0.05	8.41e-17	3.82e-18
58683.44	12.31	nan	3.24e-14	nan
58684.49	12.32	nan	3.19e-14	nan
58685.44	18.79	0.05	8.26e-17	3.89e-18
58685.44	18.83	0.05	7.96e-17	3.44e-18
58685.44	12.30	nan	3.24e-14	nan
58685.46	12.31	nan	3.22e-14	nan
58686.44	12.24	nan	3.45e-14	nan
58686.44	18.77	0.06	8.39e-17	5.02e-18
58690.43	18.81	0.04	8.08e-17	2.69e-18
58690.43	12.24	nan	3.43e-14	nan
58690.43	12.21	nan	3.52e-14	nan
58691.42	12.27	nan	3.34e-14	nan
58693.47	12.31	nan	3.21e-14	nan
58693.47	12.32	nan	3.19e-14	nan
58693.48	18.85	0.02	7.79e-17	1.42e-18
58694.41	12.30	nan	3.26e-14	nan
58695.48	12.33	nan	3.17e-14	nan
58696.47	12.32	nan	3.19e-14	nan
58696.48	12.35	nan	3.11e-14	nan
58696.48	18.85	0.02	7.83e-17	1.36e-18
58697.42	12.29	nan	3.27e-14	nan
58698.50	18.86	0.04	7.71e-17	2.59e-18
58698.50	12.14	nan	3.78e-14	nan
58699.48	18.84	0.01	7.85e-17	8.69e-19
58699.48	12.30	nan	3.25e-14	nan
58699.48	12.30	nan	3.25e-14	nan
58700.46	12.30	nan	3.26e-14	nan
58701.50	11.77	nan	5.31e-14	nan
58703.44	12.30	nan	3.26e-14	nan
58703.46	12.28	nan	3.31e-14	nan
58703.46	18.82	0.02	8.03e-17	1.19e-18
58704.46	12.32	nan	3.19e-14	nan
58705.46	12.33	nan	3.17e-14	nan
58706.50	12.33	nan	3.18e-14	nan
58706.50	18.89	0.03	7.53e-17	1.96e-18
58706.50	12.35	nan	3.12e-14	nan
58706.50	18.88	0.02	7.60e-17	1.60e-18
58706.50	12.43	nan	2.90e-14	nan
58706.50	18.80	0.02	8.14e-17	1.22e-18
58706.50	12.44	nan	2.87e-14	nan
58707.47	12.35	nan	3.10e-14	nan
58709.41	12.32	nan	3.20e-14	nan
58709.41	12.31	nan	3.22e-14	nan
58709.42	18.85	0.07	7.84e-17	4.91e-18
58710.41	12.43	nan	2.88e-14	nan
58710.41	18.81	0.06	8.11e-17	4.31e-18
58710.41	12.45	nan	2.83e-14	nan
58710.41	18.86	0.06	7.72e-17	4.22e-18
58710.42	12.35	nan	3.12e-14	nan
58711.43	12.32	nan	3.19e-14	nan
58712.42	12.32	nan	3.19e-14	nan
58712.42	12.32	nan	3.19e-14	nan
58712.44	18.86	0.06	7.76e-17	4.36e-18
58713.41	12.31	nan	3.24e-14	nan
58714.43	12.33	nan	3.17e-14	nan
58717.48	18.89	0.06	7.54e-17	4.40e-18
58717.48	12.31	nan	3.22e-14	nan
58719.41	12.41	nan	2.93e-14	nan
58719.41	18.90	0.02	7.43e-17	1.49e-18
58719.41	18.93	0.02	7.26e-17	1.64e-18
58719.41	12.42	nan	2.92e-14	nan
58720.38	12.20	nan	3.57e-14	nan
58720.39	18.92	0.03	7.30e-17	1.94e-18
58721.47	10.66	nan	1.48e-13	nan
58721.47	18.14	nan	1.50e-16	nan
58721.47	16.69	nan	5.73e-16	nan
58721.47	10.14	nan	2.39e-13	nan
58723.39	12.28	nan	3.32e-14	nan
58723.39	18.91	0.01	7.38e-17	7.79e-19
58726.38	18.88	0.02	7.58e-17	1.47e-18
58726.38	12.29	nan	3.27e-14	nan
58730.42	18.83	0.02	7.93e-17	1.49e-18
58730.42	12.26	nan	3.38e-14	nan
58733.40	18.94	0.02	7.20e-17	1.21e-18
58733.40	12.32	nan	3.21e-14	nan
58736.43	12.32	nan	3.20e-14	nan
58736.43	18.89	0.02	7.53e-17	1.40e-18
58738.37	18.90	0.06	7.47e-17	3.85e-18
58738.37	12.42	nan	2.92e-14	nan
58738.37	12.42	nan	2.90e-14	nan
58738.37	18.92	0.06	7.31e-17	3.98e-18
58738.38	12.30	nan	3.25e-14	nan
58739.40	18.81	0.07	8.13e-17	5.06e-18
58739.40	12.30	nan	3.25e-14	nan
58739.40	12.31	nan	3.24e-14	nan
58739.45	12.42	nan	2.92e-14	nan
58739.45	18.86	0.08	7.72e-17	5.67e-18
58739.45	18.78	0.07	8.34e-17	5.65e-18
58739.45	12.40	nan	2.97e-14	nan
58745.35	18.81	0.06	8.12e-17	4.53e-18
58745.36	12.30	nan	3.24e-14	nan
58745.38	18.91	0.07	7.41e-17	4.59e-18
58745.38	12.42	nan	2.90e-14	nan
58745.38	19.00	0.07	6.79e-17	4.59e-18
58745.38	12.42	nan	2.93e-14	nan
58748.34	18.95	0.15	7.09e-17	9.57e-18
58748.34	11.88	nan	4.80e-14	nan
58748.36	18.85	0.03	7.84e-17	2.33e-18
58748.36	12.33	nan	3.16e-14	nan
58748.36	18.89	0.03	7.53e-17	2.07e-18
58748.36	12.34	nan	3.13e-14	nan
58749.37	12.37	nan	3.05e-14	nan
58749.37	18.91	0.02	7.39e-17	1.57e-18
58749.37	12.38	nan	3.04e-14	nan
58749.37	18.89	0.03	7.51e-17	1.94e-18
58750.33	18.85	0.03	7.84e-17	2.14e-18
58750.33	12.34	nan	3.14e-14	nan
58750.33	12.34	nan	3.14e-14	nan
58750.33	18.90	0.03	7.45e-17	2.36e-18
58751.32	18.87	0.03	7.68e-17	2.47e-18
58751.32	12.24	nan	3.44e-14	nan
58756.40	18.80	0.03	8.16e-17	2.27e-18
58757.33	12.32	nan	3.20e-14	nan
58758.32	12.30	nan	3.24e-14	nan
58759.31	18.88	0.01	7.60e-17	7.82e-19
58759.31	12.42	nan	2.93e-14	nan
58759.31	18.85	0.00	7.82e-17	3.57e-19
58759.31	12.41	nan	2.95e-14	nan
58759.36	12.31	nan	3.23e-14	nan
58759.36	12.31	nan	3.24e-14	nan
58760.32	12.30	nan	3.26e-14	nan
58761.36	12.29	nan	3.30e-14	nan
58761.37	12.41	nan	2.95e-14	nan
58761.37	18.86	0.02	7.76e-17	1.70e-18
58761.37	12.42	nan	2.91e-14	nan
58761.37	18.92	0.03	7.30e-17	1.79e-18
58763.29	18.86	0.03	7.77e-17	2.44e-18
58763.29	12.40	nan	2.97e-14	nan
58763.29	18.88	0.03	7.63e-17	2.03e-18
58763.29	12.41	nan	2.95e-14	nan
58763.36	12.30	nan	3.25e-14	nan
58764.14	12.11	nan	3.88e-14	nan
58765.14	12.13	nan	3.81e-14	nan
58765.42	18.91	0.03	7.38e-17	1.84e-18
58766.13	12.13	nan	3.82e-14	nan
58767.13	12.06	nan	4.07e-14	nan
58768.13	12.15	nan	3.74e-14	nan
58768.19	18.58	0.10	1.00e-16	9.36e-18
58769.13	12.15	nan	3.75e-14	nan
58770.14	12.20	nan	3.57e-14	nan
58771.14	12.14	nan	3.76e-14	nan
58772.14	12.17	nan	3.68e-14	nan
58772.36	19.45	nan	4.49e-17	nan
58773.14	11.93	nan	4.58e-14	nan
58773.27	11.52	nan	6.71e-14	nan
58773.27	11.16	nan	9.32e-14	nan
58773.27	18.75	nan	8.59e-17	nan
58774.14	12.21	nan	3.54e-14	nan
58774.24	12.40	nan	2.97e-14	nan
58774.24	18.80	0.07	8.14e-17	5.00e-18
58774.24	12.40	nan	2.98e-14	nan
58774.24	18.96	0.08	7.07e-17	4.94e-18
58775.14	12.18	nan	3.63e-14	nan
58775.19	18.93	0.04	7.28e-17	2.62e-18
58775.29	12.41	nan	2.94e-14	nan
58775.29	18.89	0.03	7.52e-17	1.98e-18
58775.29	12.42	nan	2.92e-14	nan
58775.29	18.94	0.03	7.16e-17	2.08e-18
58776.14	12.22	nan	3.52e-14	nan
58776.29	18.84	0.04	7.90e-17	2.75e-18
58776.29	12.40	nan	2.96e-14	nan
58776.29	18.88	0.04	7.57e-17	3.06e-18
58776.29	12.41	nan	2.95e-14	nan
58777.14	12.22	nan	3.51e-14	nan
58777.30	18.81	0.04	8.08e-17	3.31e-18
58777.30	12.41	nan	2.93e-14	nan
58777.30	12.41	nan	2.94e-14	nan
58777.30	18.94	0.05	7.18e-17	3.46e-18
58778.14	12.21	nan	3.54e-14	nan
58778.19	12.27	nan	3.34e-14	nan
58778.19	18.87	0.04	7.68e-17	3.03e-18
58778.20	12.27	nan	3.34e-14	nan
58778.20	18.81	0.04	8.11e-17	2.77e-18
58778.20	12.28	nan	3.32e-14	nan
58778.20	18.84	0.05	7.87e-17	3.29e-18
58778.20	12.28	nan	3.31e-14	nan
58778.20	18.83	0.05	7.97e-17	3.31e-18
58778.20	18.83	0.05	7.93e-17	3.40e-18
58778.21	12.28	nan	3.33e-14	nan
58778.29	18.86	0.06	7.76e-17	4.06e-18
58778.29	12.30	nan	3.25e-14	nan
58778.29	18.85	0.05	7.82e-17	3.49e-18
58778.29	12.30	nan	3.25e-14	nan
58778.29	18.86	0.05	7.73e-17	3.64e-18
58778.29	12.30	nan	3.26e-14	nan
58778.34	18.88	0.04	7.59e-17	2.90e-18
58778.34	12.30	nan	3.24e-14	nan
58778.34	18.92	0.04	7.32e-17	2.99e-18
58778.34	12.30	nan	3.26e-14	nan
58778.34	12.30	nan	3.26e-14	nan
58778.34	18.77	0.05	8.41e-17	4.05e-18
58778.34	18.65	0.05	9.42e-17	4.77e-18
58778.34	12.30	nan	3.27e-14	nan
58778.35	18.87	0.07	7.70e-17	4.82e-18
58778.35	12.30	nan	3.27e-14	nan
58778.35	18.78	0.06	8.30e-17	4.73e-18
58778.35	12.29	nan	3.28e-14	nan
58778.35	12.30	nan	3.27e-14	nan
58778.35	18.91	0.06	7.39e-17	4.37e-18
58778.35	12.30	nan	3.26e-14	nan
58778.35	18.75	0.06	8.56e-17	4.38e-18
58778.36	12.29	nan	3.27e-14	nan
58778.36	18.94	0.06	7.22e-17	3.67e-18
58778.36	12.30	nan	3.25e-14	nan
58778.36	18.98	0.05	6.92e-17	3.27e-18
58778.36	12.30	nan	3.26e-14	nan
58778.36	18.79	0.05	8.26e-17	3.90e-18
58778.37	12.29	nan	3.28e-14	nan
58778.37	18.84	0.05	7.87e-17	3.89e-18
58778.37	12.30	nan	3.26e-14	nan
58778.37	18.97	0.06	6.99e-17	3.80e-18
58778.37	12.29	nan	3.28e-14	nan
58778.37	18.77	0.06	8.40e-17	4.84e-18
58778.42	12.28	nan	3.32e-14	nan
58778.42	18.80	0.05	8.18e-17	4.09e-18
58778.42	18.84	0.06	7.89e-17	4.50e-18
58778.42	12.27	nan	3.36e-14	nan
58778.42	12.26	nan	3.37e-14	nan
58778.43	18.89	0.07	7.55e-17	5.12e-18
58778.43	12.27	nan	3.35e-14	nan
58778.43	18.78	0.06	8.34e-17	4.50e-18
58778.43	12.26	nan	3.37e-14	nan
58778.43	18.78	0.07	8.32e-17	5.52e-18
58778.43	18.73	0.07	8.68e-17	5.83e-18
58778.43	12.26	nan	3.37e-14	nan
58778.43	12.26	nan	3.38e-14	nan
58778.44	18.76	0.07	8.47e-17	5.21e-18
58778.44	18.89	0.07	7.51e-17	4.73e-18
58778.44	12.26	nan	3.39e-14	nan
58778.44	18.85	0.07	7.78e-17	4.90e-18
58778.44	12.25	nan	3.42e-14	nan
58778.44	18.93	0.08	7.24e-17	5.30e-18
58778.44	12.26	nan	3.38e-14	nan
58778.45	12.25	nan	3.41e-14	nan
58778.45	18.82	0.06	8.05e-17	4.63e-18
58778.45	12.24	nan	3.43e-14	nan
58778.45	18.88	0.07	7.61e-17	4.56e-18
58778.45	18.89	0.07	7.56e-17	4.69e-18
58778.45	12.24	nan	3.43e-14	nan
58778.45	12.24	nan	3.45e-14	nan
58778.46	18.74	0.07	8.62e-17	5.61e-18
58779.19	12.29	nan	3.29e-14	nan
58779.19	18.94	0.04	7.18e-17	2.62e-18
58779.20	12.29	nan	3.29e-14	nan
58779.20	18.91	0.04	7.42e-17	3.03e-18
58779.20	12.31	nan	3.23e-14	nan
58779.20	18.93	0.05	7.28e-17	3.04e-18
58779.20	12.30	nan	3.27e-14	nan
58779.20	18.90	0.05	7.46e-17	3.30e-18
58779.20	18.91	0.05	7.40e-17	3.38e-18
58779.21	12.30	nan	3.26e-14	nan
58779.23	18.82	0.03	8.06e-17	2.29e-18
58779.23	12.40	nan	2.97e-14	nan
58779.23	18.98	0.03	6.95e-17	1.96e-18
58779.23	12.40	nan	2.97e-14	nan
58779.25	18.90	0.04	7.43e-17	2.53e-18
58779.25	12.31	nan	3.22e-14	nan
58779.25	18.81	0.04	8.09e-17	2.83e-18
58779.26	12.32	nan	3.19e-14	nan
58779.26	18.92	0.04	7.33e-17	2.49e-18
58779.26	12.32	nan	3.19e-14	nan
58779.26	18.82	0.04	8.00e-17	2.70e-18
58779.26	12.33	nan	3.16e-14	nan
58779.26	12.31	nan	3.23e-14	nan
58779.26	18.92	0.04	7.29e-17	2.66e-18
58779.27	12.33	nan	3.15e-14	nan
58779.27	18.91	0.04	7.38e-17	2.49e-18
58779.27	18.86	0.04	7.74e-17	2.58e-18
58779.27	12.31	nan	3.23e-14	nan
58779.27	18.88	0.03	7.58e-17	2.41e-18
58779.27	12.32	nan	3.20e-14	nan
58779.27	12.34	nan	3.14e-14	nan
58779.28	18.86	0.03	7.74e-17	2.05e-18
58779.28	12.31	nan	3.21e-14	nan
58779.28	18.91	0.03	7.39e-17	2.30e-18
58779.28	18.91	0.03	7.42e-17	2.28e-18
58779.28	12.32	nan	3.21e-14	nan
58779.28	12.32	nan	3.20e-14	nan
58779.28	18.91	0.04	7.39e-17	2.52e-18
58779.29	12.32	nan	3.18e-14	nan
58779.29	18.87	0.03	7.69e-17	2.37e-18
58779.29	12.33	nan	3.18e-14	nan
58779.29	18.85	0.03	7.83e-17	2.51e-18
58779.29	18.94	0.04	7.20e-17	2.73e-18
58779.34	12.34	nan	3.13e-14	nan
58779.34	18.94	0.04	7.17e-17	2.87e-18
58779.34	12.33	nan	3.17e-14	nan
58779.34	12.33	nan	3.16e-14	nan
58779.34	18.90	0.04	7.43e-17	2.61e-18
58779.34	18.88	0.04	7.63e-17	2.80e-18
58779.34	12.32	nan	3.20e-14	nan
58779.35	18.83	0.04	7.93e-17	2.93e-18
58779.35	12.32	nan	3.19e-14	nan
58779.35	18.81	0.04	8.10e-17	2.97e-18
58779.35	12.31	nan	3.22e-14	nan
58779.35	12.33	nan	3.17e-14	nan
58779.35	18.93	0.04	7.28e-17	2.54e-18
58779.35	12.33	nan	3.16e-14	nan
58779.36	18.82	0.04	8.01e-17	2.60e-18
58779.36	12.33	nan	3.18e-14	nan
58779.36	18.89	0.04	7.53e-17	2.58e-18
58779.36	12.32	nan	3.18e-14	nan
58779.36	18.96	0.04	7.09e-17	2.72e-18
58779.36	12.32	nan	3.18e-14	nan
58779.36	18.87	0.03	7.67e-17	2.40e-18
58779.37	12.32	nan	3.21e-14	nan
58779.37	18.83	0.04	7.96e-17	2.85e-18
58779.37	12.32	nan	3.20e-14	nan
58779.37	18.89	0.04	7.55e-17	2.91e-18
58779.37	12.31	nan	3.22e-14	nan
58779.37	18.88	0.05	7.62e-17	3.23e-18
58779.42	12.31	nan	3.24e-14	nan
58779.42	18.82	0.05	8.05e-17	3.68e-18
58779.42	18.93	0.05	7.25e-17	3.14e-18
58779.42	12.28	nan	3.31e-14	nan
58779.42	12.29	nan	3.28e-14	nan
58779.43	18.85	0.05	7.84e-17	3.61e-18
58779.43	12.28	nan	3.31e-14	nan
58779.43	18.89	0.06	7.52e-17	3.84e-18
58779.43	12.28	nan	3.33e-14	nan
58779.43	18.95	0.06	7.11e-17	3.92e-18
58779.43	18.91	0.06	7.41e-17	4.25e-18
58779.43	12.28	nan	3.33e-14	nan
58779.44	12.28	nan	3.30e-14	nan
58779.44	18.83	0.06	7.98e-17	4.40e-18
58779.44	18.90	0.06	7.45e-17	3.81e-18
58779.44	12.27	nan	3.35e-14	nan
58779.44	18.86	0.06	7.76e-17	4.06e-18
58779.44	12.26	nan	3.36e-14	nan
58779.44	18.88	0.05	7.57e-17	3.74e-18
58779.45	12.25	nan	3.39e-14	nan
58779.45	12.27	nan	3.36e-14	nan
58779.45	18.70	0.04	8.99e-17	3.57e-18
58779.45	12.25	nan	3.40e-14	nan
58779.45	18.81	0.06	8.08e-17	4.28e-18
58779.45	18.85	0.06	7.80e-17	4.43e-18
58779.45	12.25	nan	3.40e-14	nan
58779.45	12.25	nan	3.40e-14	nan
58779.46	18.81	0.06	8.14e-17	4.38e-18
58781.14	12.26	nan	3.38e-14	nan
58781.19	12.30	nan	3.25e-14	nan
58781.19	18.78	0.09	8.33e-17	6.71e-18
58781.20	12.29	nan	3.29e-14	nan
58781.20	18.81	0.07	8.11e-17	4.96e-18
58781.20	12.30	nan	3.25e-14	nan
58781.20	18.81	0.06	8.13e-17	4.33e-18
58781.20	12.31	nan	3.21e-14	nan
58781.20	18.83	0.07	7.93e-17	4.79e-18
58781.20	18.87	0.06	7.65e-17	4.12e-18
58781.21	12.31	nan	3.22e-14	nan
58781.25	18.79	0.05	8.22e-17	4.15e-18
58781.25	12.31	nan	3.23e-14	nan
58781.25	18.80	0.06	8.15e-17	4.59e-18
58781.26	12.31	nan	3.24e-14	nan
58781.26	18.80	0.06	8.20e-17	4.20e-18
58781.26	12.31	nan	3.23e-14	nan
58781.26	18.79	0.07	8.23e-17	4.99e-18
58781.26	12.32	nan	3.20e-14	nan
58781.26	12.32	nan	3.20e-14	nan
58781.26	18.84	0.06	7.92e-17	4.03e-18
58781.26	12.31	nan	3.21e-14	nan
58781.27	18.89	0.09	7.51e-17	6.41e-18
58781.27	18.90	0.08	7.46e-17	5.40e-18
58781.27	12.32	nan	3.20e-14	nan
58781.27	18.84	0.06	7.86e-17	4.09e-18
58781.27	12.31	nan	3.21e-14	nan
58781.27	12.32	nan	3.20e-14	nan
58781.28	18.78	0.06	8.32e-17	4.54e-18
58781.28	12.31	nan	3.24e-14	nan
58781.28	18.80	0.06	8.17e-17	4.33e-18
58781.28	18.85	0.08	7.78e-17	6.05e-18
58781.28	12.31	nan	3.21e-14	nan
58781.28	12.33	nan	3.18e-14	nan
58781.28	18.92	0.08	7.34e-17	5.16e-18
58781.29	12.31	nan	3.21e-14	nan
58781.29	18.84	0.08	7.86e-17	5.46e-18
58781.29	12.32	nan	3.20e-14	nan
58781.29	18.86	0.08	7.77e-17	5.41e-18
58781.31	12.29	nan	3.29e-14	nan
58781.31	18.74	0.06	8.67e-17	5.11e-18
58781.31	12.24	nan	3.45e-14	nan
58781.31	18.85	0.08	7.82e-17	5.50e-18
58781.34	18.82	0.06	8.04e-17	4.73e-18
58781.34	12.32	nan	3.21e-14	nan
58781.34	18.74	0.05	8.66e-17	4.35e-18
58781.34	12.32	nan	3.20e-14	nan
58781.34	12.32	nan	3.19e-14	nan
58781.34	18.92	0.08	7.34e-17	5.42e-18
58781.34	18.74	0.07	8.63e-17	5.54e-18
58781.34	12.32	nan	3.19e-14	nan
58781.35	18.90	0.09	7.45e-17	5.94e-18
58781.35	12.30	nan	3.25e-14	nan
58781.35	18.72	0.08	8.83e-17	6.17e-18
58781.35	12.31	nan	3.21e-14	nan
58781.35	12.30	nan	3.25e-14	nan
58781.35	18.61	0.08	9.74e-17	7.55e-18
58781.35	12.31	nan	3.24e-14	nan
58781.36	18.75	0.09	8.57e-17	7.07e-18
58781.36	12.30	nan	3.25e-14	nan
58781.36	18.99	0.13	6.85e-17	8.33e-18
58781.36	12.28	nan	3.30e-14	nan
58781.36	19.06	0.13	6.46e-17	7.82e-18
58781.36	12.29	nan	3.28e-14	nan
58781.36	18.73	0.10	8.71e-17	7.81e-18
58781.37	12.30	nan	3.24e-14	nan
58781.37	18.75	0.10	8.57e-17	7.50e-18
58781.37	12.32	nan	3.19e-14	nan
58781.37	18.73	0.09	8.71e-17	7.02e-18
58781.37	12.30	nan	3.25e-14	nan
58781.37	18.95	0.12	7.11e-17	7.57e-18
58781.42	12.30	nan	3.26e-14	nan
58781.42	18.85	0.06	7.78e-17	4.31e-18
58781.42	18.81	0.06	8.08e-17	4.81e-18
58781.42	12.29	nan	3.28e-14	nan
58781.42	12.29	nan	3.27e-14	nan
58781.43	18.88	0.07	7.59e-17	4.93e-18
58781.43	12.29	nan	3.30e-14	nan
58781.43	18.76	0.07	8.46e-17	5.58e-18
58781.43	12.27	nan	3.33e-14	nan
58781.43	18.82	0.08	8.02e-17	6.08e-18
58781.43	18.83	0.10	7.96e-17	7.43e-18
58781.43	12.26	nan	3.37e-14	nan
58781.44	12.27	nan	3.34e-14	nan
58781.44	18.91	0.09	7.42e-17	6.14e-18
58781.44	18.89	0.08	7.50e-17	5.49e-18
58781.44	12.28	nan	3.32e-14	nan
58781.44	18.76	0.09	8.48e-17	6.68e-18
58781.44	12.27	nan	3.36e-14	nan
58781.44	18.81	0.09	8.09e-17	6.76e-18
58781.45	12.27	nan	3.34e-14	nan
58781.45	12.26	nan	3.38e-14	nan
58781.45	18.83	0.10	7.93e-17	7.60e-18
58781.45	12.25	nan	3.40e-14	nan
58781.45	18.68	0.12	9.14e-17	9.78e-18
58781.45	18.71	0.10	8.89e-17	7.93e-18
58781.45	12.24	nan	3.45e-14	nan
58781.45	12.25	nan	3.40e-14	nan
58781.46	18.97	0.13	6.97e-17	8.08e-18
58782.13	12.26	nan	3.36e-14	nan
58782.33	18.89	0.04	7.51e-17	2.76e-18
58783.14	12.27	nan	3.35e-14	nan
58785.14	12.27	nan	3.35e-14	nan
58786.14	12.23	nan	3.47e-14	nan
58786.35	18.81	0.07	8.10e-17	5.16e-18
58786.35	12.36	nan	3.09e-14	nan
58786.35	12.37	nan	3.04e-14	nan
58786.35	18.75	0.07	8.55e-17	5.28e-18
58787.14	12.28	nan	3.33e-14	nan
58787.22	18.87	0.06	7.69e-17	3.94e-18
58787.22	12.42	nan	2.93e-14	nan
58787.22	18.88	0.06	7.62e-17	4.34e-18
58787.22	12.42	nan	2.93e-14	nan
58788.14	12.27	nan	3.34e-14	nan
58788.25	18.76	0.05	8.47e-17	3.94e-18
58788.28	12.41	nan	2.94e-14	nan
58788.28	18.80	0.04	8.14e-17	2.63e-18
58788.29	18.88	0.04	7.57e-17	2.49e-18
58788.29	12.41	nan	2.94e-14	nan
58789.14	12.27	nan	3.35e-14	nan
58790.20	12.33	nan	3.16e-14	nan
58790.20	12.42	nan	2.93e-14	nan
58790.20	18.85	0.03	7.83e-17	2.28e-18
58790.20	12.42	nan	2.91e-14	nan
58790.20	18.96	0.03	7.05e-17	1.74e-18
58790.20	18.87	0.04	7.66e-17	2.91e-18
58791.34	18.89	0.04	7.54e-17	2.51e-18
58794.30	18.97	0.07	7.01e-17	4.21e-18
58796.30	12.32	nan	3.19e-14	nan
58799.21	12.32	nan	3.19e-14	nan
58800.29	18.83	0.11	7.94e-17	8.17e-18
58801.28	18.90	0.14	7.45e-17	9.73e-18
58801.28	18.78	0.10	8.33e-17	7.38e-18
58801.28	12.26	nan	3.38e-14	nan
58801.29	12.23	nan	3.47e-14	nan
58801.29	18.75	0.10	8.54e-17	8.25e-18
58801.29	12.18	nan	3.63e-14	nan
58803.28	12.29	nan	3.29e-14	nan
58803.28	19.04	0.06	6.59e-17	3.57e-18
58806.25	12.30	nan	3.26e-14	nan
58806.25	18.84	0.03	7.87e-17	2.27e-18
58811.15	12.28	nan	3.31e-14	nan
58811.16	18.81	0.05	8.12e-17	3.55e-18
58812.21	12.30	nan	3.26e-14	nan
58812.21	18.81	0.03	8.14e-17	2.48e-18
58814.17	18.83	0.13	7.98e-17	9.22e-18
58814.17	11.84	nan	4.97e-14	nan
58819.14	18.56	0.17	1.02e-16	1.61e-17
58819.14	10.60	nan	1.55e-13	nan
58819.15	18.81	0.05	8.12e-17	3.65e-18
58819.15	12.30	nan	3.25e-14	nan
58827.24	12.35	nan	3.12e-14	nan
58828.23	10.90	nan	1.19e-13	nan
58828.23	16.99	nan	4.35e-16	nan
58830.23	12.45	nan	2.84e-14	nan
58831.10	18.79	0.05	8.24e-17	3.77e-18
58831.31	14.38	nan	4.79e-15	nan
58835.10	11.31	nan	8.11e-14	nan
58835.10	19.20	nan	5.64e-17	nan
58850.10	18.92	0.12	7.31e-17	8.20e-18
58850.10	11.67	nan	5.83e-14	nan
58854.13	18.71	0.08	8.88e-17	6.26e-18
58854.15	18.74	0.12	8.67e-17	9.59e-18
58856.16	12.44	nan	2.87e-14	nan
58856.16	18.77	0.06	8.38e-17	4.50e-18
58859.17	18.78	0.06	8.30e-17	4.70e-18
58860.18	12.42	nan	2.92e-14	nan
58860.20	18.69	0.09	9.02e-17	7.44e-18
58861.18	12.42	nan	2.92e-14	nan
58867.09	18.74	0.07	8.62e-17	5.62e-18
58867.11	12.22	nan	3.49e-14	nan
58871.09	18.65	0.05	9.36e-17	4.21e-18
58871.10	18.76	0.03	8.51e-17	2.45e-18
58871.10	12.45	nan	2.83e-14	nan
58871.11	12.46	nan	2.82e-14	nan
58872.11	18.73	0.05	8.72e-17	3.65e-18
58872.11	12.44	nan	2.87e-14	nan
58873.10	12.44	nan	2.87e-14	nan
58873.10	18.77	0.03	8.39e-17	2.10e-18
58874.11	18.68	0.04	9.17e-17	3.28e-18
58874.11	12.31	nan	3.22e-14	nan
58874.12	11.38	nan	7.59e-14	nan
58874.12	18.74	0.09	8.61e-17	7.02e-18
58875.11	18.69	0.03	9.01e-17	2.58e-18
58875.12	12.43	nan	2.88e-14	nan
58876.12	18.82	0.03	8.05e-17	2.00e-18
58876.12	12.43	nan	2.88e-14	nan
58877.14	12.40	nan	2.97e-14	nan
58882.13	18.74	0.05	8.62e-17	4.26e-18
58882.13	12.42	nan	2.90e-14	nan
58882.13	12.43	nan	2.90e-14	nan
58882.13	18.68	0.06	9.15e-17	4.77e-18
58884.13	18.75	0.10	8.56e-17	8.21e-18
58884.14	12.40	nan	2.96e-14	nan
58885.14	12.31	nan	3.23e-14	nan
58885.14	18.70	0.09	9.01e-17	7.19e-18
58885.14	12.32	nan	3.21e-14	nan
58885.14	18.63	0.09	9.58e-17	7.54e-18
58886.12	12.44	nan	2.87e-14	nan
58887.12	12.41	nan	2.95e-14	nan
58887.12	18.62	0.05	9.62e-17	4.43e-18
58891.11	18.76	0.05	8.50e-17	3.57e-18
58891.11	12.41	nan	2.95e-14	nan
58891.12	12.39	nan	2.99e-14	nan
58894.12	12.39	nan	3.01e-14	nan
58894.13	18.86	0.05	7.76e-17	3.48e-18
58895.12	12.40	nan	2.96e-14	nan
58900.16	11.80	nan	5.17e-14	nan
58900.16	18.54	0.15	1.04e-16	1.45e-17
58904.11	18.82	0.06	8.06e-17	4.72e-18
58904.12	18.78	0.07	8.29e-17	5.27e-18
58904.12	18.79	0.07	8.24e-17	5.21e-18
58904.13	18.84	0.07	7.91e-17	5.21e-18
58905.12	12.32	nan	3.19e-14	nan
58906.12	18.80	0.10	8.17e-17	7.41e-18
58906.12	18.59	0.09	9.95e-17	7.98e-18
58906.12	18.66	0.11	9.28e-17	9.53e-18
58912.11	18.69	0.12	9.09e-17	1.01e-17
58912.11	12.32	nan	3.19e-14	nan
58912.12	18.58	0.09	9.99e-17	7.91e-18
58912.12	18.79	0.10	8.25e-17	7.66e-18
58912.13	12.29	nan	3.29e-14	nan
58912.13	18.74	0.11	8.61e-17	8.65e-18
58914.11	18.35	nan	1.24e-16	nan
58914.11	10.90	nan	1.18e-13	nan
58914.12	18.39	nan	1.19e-16	nan
58914.12	10.83	nan	1.26e-13	nan
58914.12	18.25	nan	1.36e-16	nan
58914.12	11.05	nan	1.03e-13	nan
58914.13	18.38	nan	1.21e-16	nan
58914.13	11.34	nan	7.86e-14	nan
59009.46	12.33	nan	3.18e-14	nan
59009.47	12.35	nan	3.11e-14	nan
59009.47	12.37	nan	3.06e-14	nan
59009.48	12.36	nan	3.08e-14	nan
59040.39	12.32	nan	3.18e-14	nan
59046.44	18.78	0.02	8.35e-17	1.54e-18
59046.45	12.45	nan	2.84e-14	nan
59047.42	18.79	0.01	8.28e-17	1.06e-18
59047.43	12.47	nan	2.79e-14	nan
59048.42	18.79	0.02	8.24e-17	1.72e-18
59048.43	12.46	nan	2.82e-14	nan
59049.42	18.79	0.02	8.28e-17	1.58e-18
59049.43	12.45	nan	2.84e-14	nan
59050.47	12.48	nan	2.76e-14	nan
59050.48	18.81	0.02	8.10e-17	1.48e-18
59051.42	18.79	0.03	8.23e-17	2.13e-18
59051.43	12.42	nan	2.93e-14	nan
59052.42	18.81	0.01	8.08e-17	1.08e-18
59052.42	12.46	nan	2.81e-14	nan
59053.46	18.83	0.02	7.97e-17	1.27e-18
59053.46	12.47	nan	2.78e-14	nan
59054.42	12.44	nan	2.85e-14	nan
59054.44	18.76	0.02	8.52e-17	1.42e-18
59055.46	18.77	0.01	8.42e-17	8.53e-19
59055.46	12.45	nan	2.83e-14	nan
59055.50	12.48	nan	2.76e-14	nan
59056.46	12.46	nan	2.81e-14	nan
59056.48	12.45	nan	2.84e-14	nan
59056.48	18.80	0.02	8.16e-17	1.22e-18
59057.46	18.73	0.02	8.70e-17	1.86e-18
59057.47	12.46	nan	2.82e-14	nan
59059.46	12.46	nan	2.80e-14	nan
59060.44	18.75	0.02	8.56e-17	1.21e-18
59060.44	12.46	nan	2.82e-14	nan
59061.39	12.42	nan	2.92e-14	nan
59061.39	18.78	0.04	8.31e-17	3.14e-18
59062.48	12.44	nan	2.87e-14	nan
59063.40	12.44	nan	2.86e-14	nan
59063.41	18.77	0.06	8.41e-17	4.55e-18
59064.40	12.42	nan	2.90e-14	nan
59064.40	18.83	0.07	7.97e-17	5.12e-18
59064.42	12.44	nan	2.86e-14	nan
59065.41	12.40	nan	2.97e-14	nan
59065.42	18.73	0.08	8.72e-17	6.24e-18
59065.45	12.44	nan	2.88e-14	nan
59066.46	18.79	0.06	8.25e-17	4.46e-18
59066.46	12.45	nan	2.82e-14	nan
59067.44	12.47	nan	2.78e-14	nan
59072.48	12.46	nan	2.80e-14	nan
59073.46	18.83	0.03	7.96e-17	2.29e-18
59074.43	9.94	nan	2.87e-13	nan
59075.46	12.41	nan	2.94e-14	nan
59075.48	18.81	0.03	8.12e-17	1.90e-18
59075.48	12.41	nan	2.93e-14	nan
59076.40	18.79	0.02	8.25e-17	1.38e-18
59076.41	12.22	nan	3.49e-14	nan
59076.42	18.73	0.02	8.75e-17	1.63e-18
59077.47	12.42	nan	2.92e-14	nan
59077.47	18.78	0.01	8.32e-17	7.84e-19
59079.41	12.36	nan	3.07e-14	nan
59079.43	18.79	0.02	8.22e-17	1.19e-18
59079.43	12.35	nan	3.11e-14	nan
59079.46	18.77	0.03	8.40e-17	2.59e-18
59081.41	12.32	nan	3.19e-14	nan
59082.48	18.85	0.03	7.79e-17	2.08e-18
59082.51	12.32	nan	3.20e-14	nan
59084.51	12.43	nan	2.88e-14	nan
59085.46	18.86	0.01	7.73e-17	8.33e-19
59085.46	12.39	nan	3.00e-14	nan
59085.49	18.81	0.01	8.11e-17	8.22e-19
59085.49	12.40	nan	2.97e-14	nan
59086.37	12.40	nan	2.96e-14	nan
59086.38	18.79	0.02	8.26e-17	1.38e-18
59086.40	12.43	nan	2.88e-14	nan
59086.42	18.77	0.01	8.41e-17	1.06e-18
59087.45	12.33	nan	3.18e-14	nan
59087.45	18.78	0.02	8.33e-17	1.43e-18
59088.40	18.83	0.02	7.97e-17	1.74e-18
59088.40	12.30	nan	3.24e-14	nan
59088.42	18.78	0.03	8.36e-17	1.97e-18
59089.44	18.81	0.01	8.11e-17	1.04e-18
59089.44	12.38	nan	3.02e-14	nan
59090.49	18.82	0.02	8.02e-17	1.12e-18
59090.49	12.43	nan	2.90e-14	nan
59093.39	12.45	nan	2.84e-14	nan
59093.40	18.72	0.06	8.79e-17	4.91e-18
59094.37	12.34	nan	3.15e-14	nan
59094.38	18.79	0.12	8.28e-17	8.79e-18
59094.40	12.35	nan	3.11e-14	nan
59095.38	12.42	nan	2.93e-14	nan
59095.45	12.40	nan	2.97e-14	nan
59095.45	18.74	0.09	8.66e-17	6.94e-18
59096.36	12.42	nan	2.92e-14	nan
59096.38	18.70	0.08	8.98e-17	6.40e-18
59102.42	18.76	0.14	8.45e-17	1.09e-17
59102.42	11.93	nan	4.59e-14	nan
59102.43	11.69	nan	5.70e-14	nan
59102.43	18.87	0.19	7.65e-17	1.35e-17
59104.42	11.82	nan	5.07e-14	nan
59104.42	19.02	0.08	6.70e-17	5.13e-18
59106.38	18.89	0.04	7.53e-17	2.85e-18
59106.38	12.01	nan	4.26e-14	nan
59109.39	18.88	0.04	7.57e-17	2.59e-18
59109.39	12.17	nan	3.68e-14	nan
59109.40	18.88	0.04	7.63e-17	2.70e-18
59109.42	12.18	nan	3.65e-14	nan
59112.36	12.45	nan	2.84e-14	nan
59112.38	18.88	0.02	7.59e-17	1.22e-18
59112.38	12.44	nan	2.87e-14	nan
59112.39	18.86	0.02	7.77e-17	1.18e-18
59113.33	12.36	nan	3.08e-14	nan
59113.34	18.88	0.03	7.61e-17	1.93e-18
59115.33	18.87	0.03	7.66e-17	1.78e-18
59115.33	12.43	nan	2.88e-14	nan
59115.38	12.45	nan	2.85e-14	nan
59115.38	18.90	0.02	7.48e-17	1.49e-18
59116.36	12.45	nan	2.85e-14	nan
59116.36	18.90	0.02	7.45e-17	1.47e-18
59117.37	12.46	nan	2.82e-14	nan
59118.28	18.97	0.04	6.99e-17	2.74e-18
59118.28	12.45	nan	2.84e-14	nan
59118.35	12.46	nan	2.82e-14	nan
59118.35	18.94	0.02	7.19e-17	1.45e-18
59123.31	12.39	nan	2.98e-14	nan
59127.38	12.12	nan	3.84e-14	nan
59127.39	18.77	0.15	8.40e-17	1.18e-17
59129.27	12.43	nan	2.88e-14	nan
59129.27	18.94	0.04	7.22e-17	2.56e-18
59131.44	18.90	0.07	7.43e-17	5.09e-18
59131.44	11.63	nan	6.04e-14	nan
59134.33	12.43	nan	2.89e-14	nan
59134.33	18.93	0.03	7.28e-17	2.26e-18
59136.33	12.45	nan	2.83e-14	nan
59136.33	18.92	0.02	7.33e-17	1.57e-18
59138.32	19.01	0.03	6.73e-17	1.85e-18
59138.32	12.43	nan	2.90e-14	nan
59140.25	18.92	0.02	7.32e-17	1.24e-18
59140.26	12.41	nan	2.95e-14	nan
59142.29	12.44	nan	2.87e-14	nan
59144.24	19.02	0.02	6.67e-17	1.36e-18
59144.24	12.36	nan	3.07e-14	nan
59146.31	9.59	nan	3.96e-13	nan
59146.31	18.40	nan	1.18e-16	nan
59149.21	18.83	0.10	7.97e-17	7.49e-18
59150.28	12.51	nan	2.68e-14	nan
59154.22	12.29	nan	3.28e-14	nan
59154.22	19.29	nan	5.21e-17	nan
59156.28	11.93	nan	4.57e-14	nan
59158.21	18.90	0.05	7.46e-17	3.17e-18
59158.22	12.47	nan	2.77e-14	nan
59164.28	18.88	0.04	7.59e-17	2.90e-18
59164.31	12.48	nan	2.76e-14	nan
59167.22	12.49	nan	2.73e-14	nan
59167.22	18.92	0.03	7.32e-17	2.05e-18
59169.29	12.48	nan	2.75e-14	nan
59169.30	18.94	0.04	7.17e-17	2.47e-18
59173.21	12.50	nan	2.71e-14	nan
59174.28	18.86	0.04	7.71e-17	3.01e-18
59175.33	11.69	nan	5.70e-14	nan
59178.27	12.49	nan	2.74e-14	nan
59182.36	18.89	0.13	7.55e-17	9.08e-18
59182.36	12.41	nan	2.93e-14	nan
59184.26	12.46	nan	2.80e-14	nan
59184.28	18.95	0.10	7.15e-17	6.53e-18
59186.27	19.02	0.16	6.65e-17	9.61e-18
59188.24	12.49	nan	2.74e-14	nan
59188.25	18.99	0.06	6.89e-17	3.78e-18
59190.15	19.01	0.05	6.73e-17	3.39e-18
59190.15	12.18	nan	3.63e-14	nan
59193.22	18.96	0.05	7.04e-17	3.22e-18
59193.22	12.25	nan	3.42e-14	nan
59195.20	18.94	0.02	7.17e-17	1.58e-18
59195.21	12.48	nan	2.76e-14	nan
59197.21	18.92	0.12	7.30e-17	8.33e-18
59197.23	11.43	nan	7.27e-14	nan
59199.14	18.85	0.07	7.82e-17	4.86e-18
59199.22	12.48	nan	2.76e-14	nan
59202.27	12.45	nan	2.83e-14	nan
59202.27	18.95	0.05	7.15e-17	3.12e-18
59204.19	18.91	0.04	7.38e-17	2.98e-18
59204.19	12.47	nan	2.79e-14	nan
59206.10	11.48	nan	6.90e-14	nan
59210.16	18.99	0.12	6.84e-17	7.57e-18
59210.28	12.41	nan	2.95e-14	nan
59216.11	19.04	0.07	6.56e-17	4.28e-18
59216.11	12.03	nan	4.17e-14	nan
59216.11	19.01	0.07	6.77e-17	4.67e-18
59217.12	17.95	nan	1.79e-16	nan
59218.16	12.44	nan	2.86e-14	nan
59218.16	12.42	nan	2.90e-14	nan
59219.17	19.05	0.03	6.51e-17	1.94e-18
59219.18	12.46	nan	2.81e-14	nan
59220.12	12.45	nan	2.83e-14	nan
59220.12	18.89	0.03	7.55e-17	2.13e-18
59220.12	12.46	nan	2.81e-14	nan
59220.12	18.96	0.03	7.05e-17	2.14e-18
59221.12	19.07	0.16	6.40e-17	9.24e-18
59221.20	12.44	nan	2.86e-14	nan
59222.20	12.45	nan	2.84e-14	nan
59222.21	12.46	nan	2.80e-14	nan
59223.11	19.03	0.04	6.62e-17	2.48e-18
59223.11	12.47	nan	2.77e-14	nan
59224.12	12.49	nan	2.73e-14	nan
59224.12	18.95	0.03	7.10e-17	2.13e-18
59224.12	12.47	nan	2.78e-14	nan
59225.19	12.18	nan	3.63e-14	nan
59226.11	12.44	nan	2.86e-14	nan
59226.11	18.89	0.04	7.54e-17	2.66e-18
59226.11	12.45	nan	2.84e-14	nan
59227.25	12.37	nan	3.05e-14	nan
59228.11	12.01	nan	4.24e-14	nan
59228.11	19.12	0.10	6.10e-17	5.58e-18
59228.11	12.05	nan	4.10e-14	nan
59229.13	12.47	nan	2.79e-14	nan
59230.12	12.46	nan	2.81e-14	nan
59230.12	18.86	0.03	7.71e-17	2.48e-18
59232.13	12.49	nan	2.74e-14	nan
59232.16	19.02	0.04	6.69e-17	2.23e-18
59250.15	12.43	nan	2.90e-14	nan
59250.15	18.93	0.07	7.25e-17	4.70e-18
59252.16	12.41	nan	2.95e-14	nan
59252.16	18.97	0.05	6.99e-17	3.22e-18
59254.16	12.37	nan	3.06e-14	nan
59254.16	19.02	0.05	6.70e-17	3.29e-18
59256.15	18.92	0.05	7.35e-17	3.34e-18
59256.15	12.37	nan	3.05e-14	nan
59260.16	12.12	nan	3.86e-14	nan
59260.16	19.04	0.14	6.55e-17	8.61e-18
59264.16	12.38	nan	3.03e-14	nan
59264.16	18.94	0.10	7.18e-17	6.63e-18
59267.12	18.83	0.09	7.96e-17	6.40e-18
59267.12	18.97	0.10	7.00e-17	6.69e-18
59267.12	19.03	0.09	6.64e-17	5.50e-18
59267.13	18.93	0.08	7.26e-17	5.02e-18
59267.13	18.91	0.07	7.36e-17	4.80e-18
59268.12	18.85	0.07	7.81e-17	4.90e-18
59268.12	19.00	0.09	6.78e-17	5.39e-18
59268.12	18.96	0.09	7.07e-17	5.56e-18
59268.13	18.88	0.07	7.59e-17	5.17e-18
59268.13	19.17	0.11	5.83e-17	5.81e-18
59269.12	18.97	0.08	7.01e-17	5.06e-18
59269.12	18.99	0.08	6.85e-17	5.01e-18
59269.13	18.98	0.08	6.91e-17	5.26e-18
59269.13	18.90	0.07	7.43e-17	4.78e-18
59269.13	18.96	0.08	7.09e-17	5.24e-18
59270.12	19.08	0.11	6.30e-17	6.23e-18
59270.12	18.94	0.10	7.20e-17	6.46e-18
59270.13	19.10	0.13	6.21e-17	7.31e-18
59270.13	18.92	0.10	7.33e-17	6.69e-18
59270.13	18.97	0.11	7.02e-17	6.97e-18
59271.12	12.39	nan	2.99e-14	nan
59271.12	18.95	0.13	7.11e-17	8.19e-18
59271.12	12.36	nan	3.08e-14	nan
59271.12	18.91	0.12	7.42e-17	7.88e-18
59271.13	12.37	nan	3.04e-14	nan
59271.13	19.13	0.15	6.03e-17	8.18e-18
59271.13	12.36	nan	3.07e-14	nan
59271.13	18.91	0.12	7.40e-17	8.47e-18
59271.13	12.36	nan	3.08e-14	nan
59272.12	12.36	nan	3.08e-14	nan
59272.12	12.36	nan	3.09e-14	nan
59272.13	12.36	nan	3.09e-14	nan
59272.13	12.35	nan	3.12e-14	nan
59272.13	12.36	nan	3.08e-14	nan
59273.12	12.31	nan	3.23e-14	nan
59273.12	12.31	nan	3.22e-14	nan
59273.13	12.30	nan	3.24e-14	nan
59273.13	12.28	nan	3.31e-14	nan
59273.13	12.27	nan	3.34e-14	nan
59274.13	12.37	nan	3.04e-14	nan
59275.11	19.08	0.12	6.31e-17	7.15e-18
59275.11	19.03	0.11	6.60e-17	6.57e-18
59275.12	18.98	0.11	6.93e-17	7.21e-18
59275.12	18.91	0.10	7.38e-17	6.80e-18
59275.12	18.80	0.10	8.16e-17	7.21e-18
59275.12	12.36	nan	3.08e-14	nan
59275.13	12.37	nan	3.06e-14	nan
59275.13	12.36	nan	3.09e-14	nan
59275.13	12.34	nan	3.13e-14	nan
59275.13	12.33	nan	3.16e-14	nan
59276.11	18.88	0.09	7.58e-17	6.51e-18
59276.12	19.05	0.10	6.48e-17	5.91e-18
59276.12	18.99	0.08	6.87e-17	5.05e-18
59276.12	19.00	0.09	6.79e-17	5.49e-18
59276.12	19.04	0.09	6.54e-17	5.69e-18
59276.12	12.35	nan	3.10e-14	nan
59276.13	12.34	nan	3.13e-14	nan
59276.13	12.33	nan	3.17e-14	nan
59278.11	19.55	nan	4.11e-17	nan
59278.11	18.62	0.18	9.66e-17	1.57e-17
59278.12	18.72	0.14	8.83e-17	1.17e-17
59278.12	18.82	0.14	8.03e-17	1.07e-17
59278.12	18.70	0.12	8.98e-17	9.96e-18
59279.11	19.54	nan	4.15e-17	nan
59279.12	18.77	0.14	8.44e-17	1.12e-17
59279.12	18.78	0.14	8.36e-17	1.11e-17
59279.12	19.07	0.16	6.39e-17	9.14e-18
59279.12	18.82	0.11	8.04e-17	8.38e-18
59280.11	19.13	0.13	6.03e-17	7.27e-18
59280.12	18.98	0.10	6.93e-17	6.25e-18
59280.12	19.05	0.10	6.48e-17	5.85e-18
59280.12	18.97	0.08	7.00e-17	5.20e-18
59402.44	12.36	nan	3.08e-14	nan
59408.46	9.71	nan	3.53e-13	nan
59408.46	18.65	nan	9.36e-17	nan
59410.43	12.17	nan	3.67e-14	nan
59410.43	19.00	0.04	6.83e-17	2.71e-18
59414.46	18.99	0.02	6.85e-17	1.56e-18
59414.46	12.41	nan	2.94e-14	nan
59417.46	11.43	nan	7.26e-14	nan
59417.46	19.46	nan	4.43e-17	nan
59419.44	10.57	nan	1.60e-13	nan
59419.46	17.97	nan	1.76e-16	nan
59424.40	12.37	nan	3.05e-14	nan
59427.45	18.97	0.04	7.01e-17	2.79e-18
59427.45	12.40	nan	2.98e-14	nan
59429.46	18.99	0.03	6.85e-17	1.60e-18
59429.46	12.42	nan	2.92e-14	nan
59434.48	12.42	nan	2.92e-14	nan
59434.48	19.06	0.01	6.44e-17	6.66e-19
59442.44	19.05	0.03	6.48e-17	1.78e-18
59442.44	12.35	nan	3.12e-14	nan
59444.47	19.05	0.02	6.49e-17	1.08e-18
59444.47	12.31	nan	3.23e-14	nan
59449.37	12.31	nan	3.24e-14	nan
59449.37	12.30	nan	3.24e-14	nan
59449.38	18.89	0.15	7.53e-17	1.05e-17
59449.38	19.14	0.17	5.98e-17	9.29e-18
59450.38	19.59	nan	3.95e-17	nan
59450.38	12.25	nan	3.42e-14	nan
59454.43	19.09	0.05	6.24e-17	3.15e-18
59458.36	19.01	0.03	6.72e-17	1.95e-18
59458.37	19.00	0.03	6.83e-17	2.01e-18
59459.38	19.02	0.01	6.70e-17	3.82e-19
59459.38	12.46	nan	2.80e-14	nan
59459.39	12.48	nan	2.76e-14	nan
59460.34	19.03	0.03	6.64e-17	1.95e-18
59460.34	19.06	0.03	6.45e-17	1.83e-18
59460.37	12.46	nan	2.81e-14	nan
59461.39	19.12	0.02	6.08e-17	8.92e-19
59461.39	12.47	nan	2.78e-14	nan
59461.39	12.49	nan	2.72e-14	nan
59462.41	12.49	nan	2.73e-14	nan
59462.41	19.10	0.02	6.18e-17	1.10e-18
59462.41	19.14	0.03	5.97e-17	1.78e-18
59463.39	12.45	nan	2.84e-14	nan
59463.40	12.47	nan	2.78e-14	nan
59463.40	19.01	0.03	6.73e-17	1.57e-18
59464.39	12.43	nan	2.90e-14	nan
59464.41	19.03	0.02	6.63e-17	1.41e-18
59464.41	19.08	0.02	6.34e-17	1.37e-18
59465.36	12.43	nan	2.90e-14	nan
59466.38	19.11	0.02	6.14e-17	1.14e-18
59467.39	12.43	nan	2.88e-14	nan
59468.39	19.20	0.02	5.67e-17	8.85e-19
59469.38	12.48	nan	2.77e-14	nan
59470.40	19.13	0.02	6.06e-17	1.28e-18
59471.42	12.32	nan	3.19e-14	nan
59472.40	18.99	0.03	6.88e-17	1.62e-18
59474.30	12.45	nan	2.84e-14	nan
59474.30	12.43	nan	2.88e-14	nan
59474.33	19.18	0.06	5.78e-17	3.17e-18
59474.33	19.05	0.05	6.48e-17	3.17e-18
59476.42	19.09	0.07	6.24e-17	4.24e-18
59476.42	12.49	nan	2.74e-14	nan
59476.43	12.48	nan	2.76e-14	nan
59476.43	19.25	0.09	5.39e-17	4.26e-18
59477.28	19.09	0.09	6.27e-17	5.32e-18
59477.29	12.47	nan	2.80e-14	nan
59478.28	19.11	0.14	6.14e-17	8.19e-18
59478.28	19.28	0.19	5.24e-17	9.19e-18
59478.28	12.42	nan	2.92e-14	nan
59478.29	12.45	nan	2.84e-14	nan
59484.32	19.10	0.05	6.22e-17	2.64e-18
59484.34	12.44	nan	2.87e-14	nan
59485.38	19.00	nan	6.83e-17	nan
59485.38	10.98	nan	1.10e-13	nan
59485.38	19.06	nan	6.41e-17	nan
59485.38	11.02	nan	1.06e-13	nan
59486.29	19.04	0.05	6.57e-17	2.94e-18
59486.30	12.45	nan	2.83e-14	nan
59487.33	12.44	nan	2.86e-14	nan
59487.34	19.10	0.04	6.18e-17	2.48e-18
59488.33	12.48	nan	2.76e-14	nan
59488.35	19.04	0.03	6.58e-17	1.90e-18
59488.35	19.09	0.04	6.24e-17	2.17e-18
59489.41	12.45	nan	2.83e-14	nan
59489.41	19.17	0.03	5.80e-17	1.86e-18
59490.30	19.08	0.05	6.32e-17	2.98e-18
59490.30	19.13	0.04	6.05e-17	2.18e-18
59490.30	12.28	nan	3.31e-14	nan
59490.31	12.39	nan	2.99e-14	nan
59491.23	19.16	0.05	5.89e-17	2.95e-18
59491.24	12.32	nan	3.20e-14	nan
59497.43	19.07	0.06	6.37e-17	3.23e-18
59498.32	19.15	0.03	5.93e-17	1.49e-18
59502.37	12.45	nan	2.84e-14	nan
59502.37	19.00	0.05	6.80e-17	2.95e-18
59502.37	19.16	0.05	5.87e-17	2.54e-18
59503.28	12.47	nan	2.79e-14	nan
59503.28	12.46	nan	2.82e-14	nan
59503.30	19.05	0.07	6.47e-17	4.10e-18
59504.32	19.10	0.09	6.23e-17	5.24e-18
59504.32	12.46	nan	2.81e-14	nan
59504.32	19.11	0.08	6.16e-17	4.54e-18
59505.30	12.45	nan	2.82e-14	nan
59505.30	18.99	0.09	6.86e-17	5.65e-18
59505.31	12.49	nan	2.73e-14	nan
59509.26	19.30	0.10	5.16e-17	4.74e-18
59509.26	12.48	nan	2.75e-14	nan
59511.26	12.51	nan	2.68e-14	nan
59511.28	19.05	0.13	6.49e-17	7.87e-18
59512.28	19.29	0.05	5.22e-17	2.40e-18
59512.28	12.48	nan	2.76e-14	nan
59517.28	19.19	0.03	5.70e-17	1.43e-18
59517.28	12.50	nan	2.70e-14	nan
59517.28	12.52	nan	2.67e-14	nan
59517.28	19.24	0.03	5.44e-17	1.29e-18
59518.31	12.51	nan	2.67e-14	nan
59518.31	19.17	0.01	5.81e-17	2.68e-19
59520.27	12.49	nan	2.73e-14	nan
59520.27	19.15	0.02	5.90e-17	1.27e-18
59522.31	19.07	0.02	6.40e-17	1.29e-18
59522.31	12.50	nan	2.70e-14	nan
59523.22	12.52	nan	2.66e-14	nan
59523.23	19.27	0.03	5.28e-17	1.23e-18
59524.24	19.19	0.03	5.70e-17	1.55e-18
59524.24	19.20	0.02	5.65e-17	8.77e-19
59524.26	12.51	nan	2.68e-14	nan
59524.26	12.50	nan	2.71e-14	nan
59526.26	19.08	0.02	6.29e-17	1.44e-18
59526.26	12.50	nan	2.70e-14	nan
59527.19	12.49	nan	2.73e-14	nan
59529.21	12.49	nan	2.74e-14	nan
59529.21	19.17	0.04	5.81e-17	2.23e-18
59529.34	12.48	nan	2.77e-14	nan
59530.24	19.21	0.06	5.59e-17	2.84e-18
59530.24	12.49	nan	2.73e-14	nan
59531.25	19.27	0.07	5.32e-17	3.45e-18
59531.25	12.40	nan	2.97e-14	nan
59531.25	12.42	nan	2.92e-14	nan
59531.25	19.17	0.06	5.80e-17	3.33e-18
59532.13	19.16	0.07	5.89e-17	3.72e-18
59532.13	12.49	nan	2.74e-14	nan
59537.32	12.26	nan	3.38e-14	nan
59537.32	12.22	nan	3.51e-14	nan
59537.35	19.17	0.05	5.83e-17	2.83e-18
59537.35	19.25	0.05	5.40e-17	2.49e-18
59538.26	12.51	nan	2.70e-14	nan
59538.26	19.11	0.08	6.15e-17	4.49e-18
59540.22	19.06	0.08	6.42e-17	4.62e-18
59540.22	12.48	nan	2.76e-14	nan
59540.22	19.03	0.07	6.62e-17	4.14e-18
59540.23	12.47	nan	2.77e-14	nan
59542.17	12.47	nan	2.78e-14	nan
59542.18	19.14	0.04	5.96e-17	2.41e-18
59550.16	12.48	nan	2.75e-14	nan
59550.16	19.11	0.03	6.16e-17	1.86e-18
59550.16	19.12	0.03	6.09e-17	1.67e-18
59622.18	12.35	nan	3.10e-14	nan
59622.18	19.34	0.20	4.99e-17	9.36e-18
59624.16	12.37	nan	3.04e-14	nan
59624.16	19.08	0.10	6.33e-17	5.90e-18
59628.14	19.14	0.09	5.96e-17	5.07e-18
59631.12	19.05	0.18	6.50e-17	1.07e-17
59631.12	19.32	0.21	5.06e-17	9.68e-18
59631.12	19.03	0.22	6.63e-17	1.32e-17
59631.13	18.25	nan	1.36e-16	nan
59631.13	19.10	0.20	6.19e-17	1.11e-17
59636.12	12.37	nan	3.06e-14	nan
59636.12	12.38	nan	3.04e-14	nan
59636.13	12.35	nan	3.12e-14	nan
59636.13	12.34	nan	3.13e-14	nan
59636.13	12.35	nan	3.10e-14	nan
59638.12	11.30	nan	8.17e-14	nan
59638.12	11.54	nan	6.57e-14	nan
59638.13	11.60	nan	6.21e-14	nan
59638.13	11.36	nan	7.76e-14	nan
59638.13	11.57	nan	6.38e-14	nan
59639.12	12.37	nan	3.06e-14	nan
59639.12	12.37	nan	3.06e-14	nan
59639.13	12.36	nan	3.09e-14	nan
59639.13	12.36	nan	3.07e-14	nan
59639.13	12.33	nan	3.16e-14	nan
59640.12	12.35	nan	3.11e-14	nan
59640.13	12.34	nan	3.14e-14	nan
59640.13	12.33	nan	3.16e-14	nan
59640.13	12.33	nan	3.16e-14	nan
59640.13	12.32	nan	3.19e-14	nan
59739.46	12.28	nan	3.32e-14	nan
59739.46	12.28	nan	3.32e-14	nan
59739.46	12.27	nan	3.34e-14	nan
59739.46	12.29	nan	3.29e-14	nan
59739.47	12.29	nan	3.28e-14	nan
59774.43	19.21	0.11	5.61e-17	5.66e-18
59774.43	12.37	nan	3.05e-14	nan
59774.46	12.41	nan	2.95e-14	nan
59774.46	19.10	0.08	6.18e-17	4.52e-18
59776.41	12.37	nan	3.04e-14	nan
59776.46	12.44	nan	2.87e-14	nan
59778.43	19.26	0.12	5.35e-17	6.12e-18
59778.45	19.27	0.11	5.31e-17	5.25e-18
59782.42	11.92	nan	4.62e-14	nan
59782.42	19.26	0.15	5.37e-17	7.56e-18
59785.46	19.18	0.03	5.76e-17	1.58e-18
59787.43	19.19	0.03	5.69e-17	1.73e-18
59787.43	12.40	nan	2.96e-14	nan
59793.40	12.33	nan	3.15e-14	nan
59796.46	12.44	nan	2.88e-14	nan
59800.45	12.43	nan	2.90e-14	nan
59800.46	19.17	0.02	5.79e-17	1.33e-18
59802.47	12.47	nan	2.78e-14	nan
59803.40	19.37	0.12	4.85e-17	5.51e-18
59806.43	12.44	nan	2.87e-14	nan
59809.47	12.45	nan	2.84e-14	nan
59809.47	19.17	0.06	5.81e-17	3.16e-18
59812.40	12.44	nan	2.86e-14	nan
59812.41	19.28	0.03	5.26e-17	1.25e-18
59814.41	12.45	nan	2.84e-14	nan
59814.41	19.12	0.01	6.06e-17	8.06e-19
59816.46	19.20	0.03	5.65e-17	1.66e-18
59816.47	12.44	nan	2.86e-14	nan
59821.47	12.46	nan	2.80e-14	nan
59821.47	19.17	0.02	5.81e-17	1.19e-18
59824.38	19.12	0.02	6.07e-17	1.26e-18
59824.39	12.40	nan	2.96e-14	nan
59826.44	12.43	nan	2.89e-14	nan
59828.45	19.13	0.03	6.06e-17	1.79e-18
59828.45	12.43	nan	2.89e-14	nan
59843.40	19.00	0.03	6.82e-17	1.84e-18
59843.40	12.50	nan	2.72e-14	nan
59846.41	12.50	nan	2.71e-14	nan
59846.41	19.10	0.02	6.23e-17	1.35e-18
59848.35	12.49	nan	2.74e-14	nan
59848.35	19.05	0.03	6.48e-17	1.50e-18
59850.34	19.04	0.03	6.55e-17	1.68e-18
59850.34	12.48	nan	2.76e-14	nan
59852.32	19.07	0.03	6.40e-17	1.50e-18
59852.32	12.49	nan	2.74e-14	nan
59854.34	19.07	0.03	6.36e-17	1.73e-18
59854.34	12.47	nan	2.78e-14	nan
59856.34	19.02	0.04	6.69e-17	2.48e-18
59856.34	12.47	nan	2.79e-14	nan
59858.32	12.47	nan	2.79e-14	nan
59858.32	19.01	0.07	6.74e-17	4.05e-18
59860.41	19.00	0.10	6.82e-17	6.40e-18
59860.41	12.46	nan	2.80e-14	nan
59864.33	19.02	0.10	6.66e-17	6.42e-18
59864.33	12.42	nan	2.92e-14	nan
59866.34	18.94	0.06	7.18e-17	3.70e-18
59866.34	12.49	nan	2.74e-14	nan
59869.32	19.08	0.04	6.35e-17	2.11e-18
59869.32	12.55	nan	2.59e-14	nan
59871.30	18.92	0.04	7.30e-17	2.95e-18
59873.32	18.93	0.08	7.23e-17	5.50e-18
59873.32	12.19	nan	3.60e-14	nan
59876.32	18.89	0.06	7.50e-17	4.24e-18
59876.32	12.46	nan	2.80e-14	nan
59878.23	12.49	nan	2.73e-14	nan
59880.22	18.95	0.03	7.13e-17	2.12e-18
59880.22	12.49	nan	2.73e-14	nan
59882.24	18.93	0.03	7.22e-17	2.22e-18
59882.24	12.44	nan	2.86e-14	nan
59885.28	19.38	nan	4.80e-17	nan
59887.30	12.48	nan	2.75e-14	nan
59894.28	12.47	nan	2.80e-14	nan
59894.28	18.76	0.07	8.50e-17	5.47e-18
59896.29	18.94	0.05	7.16e-17	3.05e-18
59896.29	12.46	nan	2.80e-14	nan
59898.25	12.50	nan	2.71e-14	nan
59898.26	18.94	0.03	7.19e-17	2.23e-18
59900.25	12.48	nan	2.77e-14	nan
59900.25	18.85	0.06	7.85e-17	4.04e-18
59902.20	18.84	0.05	7.90e-17	3.40e-18
59902.20	12.49	nan	2.73e-14	nan
59904.19	18.90	0.04	7.46e-17	2.99e-18
59904.19	12.50	nan	2.71e-14	nan
59906.23	18.77	0.03	8.39e-17	2.63e-18
59906.23	12.51	nan	2.69e-14	nan
59909.25	12.49	nan	2.74e-14	nan
59910.17	18.80	0.04	8.18e-17	3.12e-18
59911.20	10.38	nan	1.91e-13	nan
59913.23	18.81	0.04	8.14e-17	2.76e-18
59914.15	12.49	nan	2.73e-14	nan
59923.18	12.53	nan	2.63e-14	nan
59928.17	18.83	0.04	7.96e-17	2.62e-18
59928.17	12.44	nan	2.87e-14	nan
59932.19	18.74	0.02	8.65e-17	1.89e-18
59932.22	12.48	nan	2.76e-14	nan
59934.24	18.86	0.04	7.71e-17	2.64e-18
59934.25	12.45	nan	2.84e-14	nan
59936.21	12.50	nan	2.71e-14	nan
59936.22	18.86	0.03	7.75e-17	2.08e-18
59942.21	12.46	nan	2.81e-14	nan
59951.24	18.84	0.11	7.91e-17	7.69e-18
59957.16	11.98	nan	4.36e-14	nan
59958.15	18.81	0.03	8.10e-17	2.33e-18
59966.16	12.47	nan	2.79e-14	nan
59968.16	12.46	nan	2.82e-14	nan
59969.14	18.63	0.05	9.58e-17	4.09e-18
59970.20	12.42	nan	2.92e-14	nan
59980.11	18.82	0.05	8.01e-17	3.83e-18
59980.11	12.48	nan	2.77e-14	nan
59982.14	12.45	nan	2.84e-14	nan
59982.18	18.56	0.12	1.02e-16	1.11e-17
59984.12	18.59	0.06	9.90e-17	5.44e-18
59991.16	12.30	nan	3.26e-14	nan
59991.17	18.64	0.10	9.47e-17	8.41e-18
59993.16	11.27	nan	8.41e-14	nan
59993.17	18.38	nan	1.21e-16	nan
60133.41	18.98	0.08	6.94e-17	5.40e-18
60133.41	12.38	nan	3.02e-14	nan
60139.39	18.88	0.05	7.60e-17	3.48e-18
60143.44	12.44	nan	2.87e-14	nan
60144.39	18.86	0.03	7.76e-17	2.19e-18
60146.40	18.90	0.04	7.44e-17	2.56e-18
60146.40	12.39	nan	2.98e-14	nan
60146.46	18.90	0.03	7.48e-17	2.06e-18
60149.42	18.95	0.03	7.11e-17	1.73e-18
60150.45	12.42	nan	2.92e-14	nan
60151.41	18.93	0.03	7.28e-17	2.18e-18
60153.46	18.91	0.02	7.36e-17	1.42e-18
60153.47	12.43	nan	2.90e-14	nan
60156.41	12.36	nan	3.09e-14	nan
60156.41	19.25	nan	5.41e-17	nan
60160.44	12.50	nan	2.71e-14	nan
60160.48	18.86	0.07	7.73e-17	4.80e-18
60169.42	12.33	nan	3.18e-14	nan
60169.44	18.92	0.04	7.33e-17	2.50e-18
60171.40	19.02	0.02	6.68e-17	1.44e-18
60174.38	12.46	nan	2.82e-14	nan
60174.40	18.95	0.03	7.12e-17	2.03e-18
60181.46	12.49	nan	2.72e-14	nan
60181.46	18.96	0.02	7.07e-17	1.40e-18
60183.51	12.48	nan	2.76e-14	nan
60183.51	18.86	0.05	7.77e-17	3.66e-18
60185.34	12.47	nan	2.79e-14	nan
60185.36	18.91	0.05	7.39e-17	3.45e-18
60192.43	12.49	nan	2.74e-14	nan
60192.43	18.91	0.04	7.36e-17	2.98e-18
60195.46	18.96	0.03	7.03e-17	1.86e-18
60195.49	12.42	nan	2.92e-14	nan
60198.43	12.46	nan	2.80e-14	nan
60198.43	18.95	0.02	7.11e-17	1.02e-18
60201.42	18.99	0.02	6.86e-17	1.51e-18
60203.47	18.86	0.02	7.71e-17	1.08e-18
60203.47	12.46	nan	2.81e-14	nan
60205.38	18.90	0.02	7.48e-17	1.39e-18
60205.38	12.49	nan	2.74e-14	nan
60207.36	18.94	0.01	7.19e-17	9.92e-19
60207.38	12.50	nan	2.71e-14	nan
60211.43	18.88	0.02	7.62e-17	1.20e-18
60211.45	12.47	nan	2.78e-14	nan
60213.34	12.51	nan	2.68e-14	nan
60213.34	18.95	0.06	7.09e-17	3.87e-18
60215.36	18.95	0.07	7.14e-17	4.44e-18
60215.40	12.47	nan	2.78e-14	nan
60220.32	18.96	0.09	7.08e-17	5.64e-18
60220.32	12.44	nan	2.87e-14	nan
60222.32	12.48	nan	2.77e-14	nan
60222.34	18.82	0.05	8.01e-17	3.50e-18
60224.38	12.48	nan	2.76e-14	nan
60224.38	18.89	0.04	7.54e-17	2.47e-18
60227.37	18.91	0.03	7.41e-17	2.18e-18
60227.37	12.47	nan	2.78e-14	nan
60230.36	12.47	nan	2.78e-14	nan
60230.36	18.94	0.03	7.17e-17	2.00e-18
60232.30	12.51	nan	2.69e-14	nan
60232.30	18.92	0.04	7.34e-17	2.56e-18
60234.24	12.46	nan	2.81e-14	nan
60234.31	18.95	0.03	7.15e-17	1.81e-18
60236.34	12.49	nan	2.74e-14	nan
60236.35	18.84	0.02	7.91e-17	1.74e-18
60238.34	19.01	0.02	6.75e-17	1.18e-18
60238.36	12.48	nan	2.75e-14	nan
60242.42	18.93	0.05	7.22e-17	3.06e-18
60244.18	12.47	nan	2.78e-14	nan
60247.13	18.88	0.19	7.62e-17	1.33e-17
60247.14	12.44	nan	2.86e-14	nan
