mjd,flux,fluxe,flux_rolling_mean,flux_rolling_rmsd
58378.44,1.44e-16,2.95e-18,1.4398333333333332e-16,5.441666666666668e-18
58378.45,1.49e-16,3.42e-18,1.4398333333333332e-16,5.444444444444446e-18
58379.46,1.44e-16,2.96e-18,1.439833333333333e-16,5.418333333333335e-18
58382.44,1.5250000000000001e-16,2.935e-18,1.4398333333333332e-16,5.430555555555558e-18
58383.44,1.46e-16,7.82e-18,1.4398333333333332e-16,5.459444444444447e-18
58384.36,1.36e-16,9.11e-18,1.4381666666666664e-16,5.3794444444444475e-18
58384.48,1.32e-16,9.8e-18,1.4405e-16,5.599444444444446e-18
58385.44,1.42e-16,1.33e-17,1.4386666666666666e-16,5.819444444444446e-18
58385.45,1.38e-16,1.36e-17,1.4413333333333334e-16,6.009444444444446e-18
58386.48,1.23e-16,1.71e-17,1.4421666666666666e-16,5.997222222222223e-18
58390.38,1.5e-16,7.92e-18,1.4435000000000002e-16,6.022777777777779e-18
58390.4,1.34e-16,9.54e-18,1.4495e-16,6.468333333333333e-18
58397.38,1.41e-16,3.15e-18,1.4468333333333334e-16,6.7272222222222225e-18
58425.35,1.55e-16,4.07e-18,1.4465e-16,6.959444444444445e-18
58427.33,1.53e-16,9.94e-18,1.448e-16,6.951666666666668e-18
58428.31,1.51e-16,3.64e-18,1.4504999999999999e-16,6.799444444444447e-18
58430.31,1.49e-16,1.84e-18,1.4558333333333334e-16,7.305555555555559e-18
58431.24,1.45e-16,8.5e-18,1.4546666666666668e-16,7.207222222222226e-18
58434.28,1.42e-16,5.51e-18,1.4583333333333334e-16,7.636666666666668e-18
58436.24,1.44e-16,6.59e-18,1.4548333333333332e-16,7.388333333333336e-18
58437.25,1.53e-16,7.98e-18,1.4558333333333334e-16,7.623333333333335e-18
58462.26,1.35e-16,2.1e-17,1.4624999999999999e-16,7.937222222222225e-18
58464.24,1.56e-16,4.92e-18,1.4688333333333333e-16,7.988888888888889e-18
58469.17,1.535e-16,1.0050000000000001e-17,1.4711666666666666e-16,8.332222222222224e-18
58474.12,1.495e-16,1.445e-17,1.4725e-16,8.356666666666668e-18
58475.11,1.68e-16,1.22e-17,1.4785e-16,7.894444444444445e-18
58481.27,1.38e-16,6.43e-18,1.4821666666666667e-16,8.660555555555558e-18
58483.16,1.42e-16,3.77e-18,1.4898333333333333e-16,9.188888888888892e-18
58487.17,1.4950000000000001e-16,3.94e-18,1.4768333333333332e-16,9.986111111111114e-18
58491.16,1.365e-16,4.91e-18,1.4625e-16,1.0207777777777779e-17
58493.19,1.6e-16,5.16e-18,1.4479999999999998e-16,1.0561666666666671e-17
58494.17,1.455e-16,4.725e-18,1.4343333333333332e-16,1.0964444444444445e-17
58495.16,1.55e-16,6.45e-18,1.421e-16,1.1452777777777781e-17
58503.17,1.42e-16,1.44e-17,1.409333333333333e-16,1.1984444444444446e-17
58505.17,1.49e-16,1.71e-17,1.3993333333333334e-16,1.2295000000000003e-17
58507.14,1.56e-16,5.7e-18,1.3876666666666666e-16,1.2770000000000004e-17
58509.19,1.51e-16,9.15e-18,1.374e-16,1.2927222222222228e-17
58510.15,1.49e-16,8.275e-18,1.3683333333333335e-16,1.2727777777777782e-17
58511.16,1.42e-16,8.69e-18,1.3513333333333334e-16,1.3015000000000005e-17
58514.15,1.41e-16,4.16e-18,1.3365e-16,1.324444444444445e-17
58534.15,1.61e-16,2.59e-17,1.3236666666666664e-16,1.353944444444445e-17
58539.13,1.57e-16,7.13e-18,1.302e-16,1.3498888888888894e-17
58693.45,1.02e-16,3.79e-18,1.296e-16,1.3198333333333338e-17
58694.48,1.12e-16,3.23e-18,1.29e-16,1.3073888888888892e-17
58695.44,1.095e-16,4.075e-18,1.2831666666666666e-16,1.3279444444444449e-17
58696.45,1.1e-16,4.06e-18,1.2803333333333333e-16,1.3163888888888893e-17
58698.46,1.09e-16,4.19e-18,1.2706666666666666e-16,1.294277777777778e-17
58701.46,1.1e-16,3.37e-18,1.2641666666666667e-16,1.2930555555555556e-17
58704.46,1.12e-16,4.64e-18,1.2515e-16,1.2757222222222224e-17
58707.44,1.09e-16,3.49e-18,1.2473333333333336e-16,1.2850555555555556e-17
58708.48,1.12e-16,3.52e-18,1.2413333333333336e-16,1.2710555555555556e-17
58714.5,1.18e-16,1.07e-17,1.2326666666666665e-16,1.2236111111111111e-17
58718.45,1.05e-16,9.38e-18,1.2273333333333335e-16,1.2028333333333333e-17
58724.46,1.09e-16,3.81e-18,1.2226666666666666e-16,1.1811666666666668e-17
58727.46,1.11e-16,3.89e-18,1.221e-16,1.1775000000000002e-17
58730.45,1.03e-16,3.88e-18,1.2193333333333334e-16,1.1648888888888891e-17
58732.42,1.2e-16,3.09e-18,1.212e-16,1.0883333333333335e-17
58734.48,1.24e-16,3.78e-18,1.2075e-16,1.0299999999999999e-17
58734.5,1.29e-16,3.89e-18,1.2101666666666667e-16,1.022e-17
58738.46,1.28e-16,8.61e-18,1.2171666666666668e-16,9.745555555555556e-18
58745.5,1.31e-16,1.56e-17,1.2243333333333335e-16,9.299444444444444e-18
58746.46,1.26e-16,8.305e-18,1.2430000000000002e-16,9.667222222222224e-18
58748.5,1.17e-16,7.35e-18,1.2469999999999999e-16,9.591666666666668e-18
58749.38,1.2949999999999998e-16,3.405e-18,1.2563333333333333e-16,9.062222222222224e-18
58751.4,1.31e-16,4.93e-18,1.2613333333333334e-16,9.019444444444448e-18
58757.42,1.3e-16,3.92e-18,1.27e-16,8.645555555555558e-18
58758.44,1.35e-16,4.51e-18,1.2763333333333332e-16,8.540555555555557e-18
58760.42,1.35e-16,4.72e-18,1.2933333333333332e-16,9.304444444444446e-18
58760.45,1.37e-16,4.9999999999999996e-18,1.3123333333333334e-16,9.398333333333332e-18
58763.41,1.36e-16,4.51e-18,1.3243333333333331e-16,9.046666666666665e-18
58764.35,1.39e-16,4.675e-18,1.3333333333333334e-16,8.841666666666666e-18
58766.33,1.4350000000000001e-16,1.115e-17,1.3420000000000002e-16,8.668888888888885e-18
58766.42,1.1e-16,8.36e-18,1.3519999999999998e-16,8.836111111111107e-18
58767.36,1.33e-16,1.61e-17,1.3576666666666666e-16,8.839999999999998e-18
58768.42,1.31e-16,1.1649999999999999e-17,1.3643333333333333e-16,8.713888888888886e-18
58769.48,1.66e-16,2.29e-17,1.3693333333333331e-16,8.589999999999998e-18
58778.3,1.21e-16,7.16e-18,1.3680000000000002e-16,8.961111111111106e-18
58781.39,1.38e-16,6.05e-18,1.3746666666666667e-16,8.91555555555555e-18
58784.41,1.27e-16,1.19e-17,1.3886666666666668e-16,9.044444444444442e-18
58787.36,1.35e-16,7.53e-18,1.3951666666666667e-16,8.944444444444439e-18
58790.31,1.31e-16,4.63e-18,1.3998333333333333e-16,8.93222222222222e-18
58797.23,1.69e-16,2.3e-17,1.408166666666667e-16,8.991111111111108e-18
58803.23,1.62e-16,1.14e-17,1.4145e-16,8.849999999999997e-18
58806.34,1.45e-16,6.68e-18,1.4228333333333337e-16,8.988888888888885e-18
58811.25,1.38e-16,5.85e-18,1.4295e-16,9.061111111111109e-18
58820.23,1.29e-16,1.13e-17,1.4274999999999998e-16,9.598888888888889e-18
58833.18,1.5e-16,5.35e-18,1.4378333333333332e-16,1.0076666666666665e-17
58836.21,1.41e-16,4.01e-18,1.4436666666666664e-16,1.0112222222222221e-17
58850.19,1.49e-16,7.13e-18,1.448e-16,1.0183333333333334e-17
58855.17,1.43e-16,1.5e-17,1.4556666666666664e-16,1.0261111111111112e-17
58859.11,1.27e-16,1.21e-17,1.4669999999999997e-16,1.0541111111111112e-17
58862.14,1.46e-16,4.03e-18,1.4633333333333333e-16,9.678888888888888e-18
58867.15,1.59e-16,2.27e-17,1.4743333333333334e-16,9.187222222222222e-18
58871.19,1.49e-16,5.6e-18,1.4813333333333335e-16,9.357777777777776e-18
58872.17,1.45e-16,4.81e-18,1.4950000000000001e-16,9.458333333333332e-18
58872.18,1.55e-16,5.28e-18,1.5023333333333333e-16,9.429444444444444e-18
58875.16,1.54e-16,4.37e-18,1.5086666666666665e-16,9.245e-18
58876.15,1.6e-16,4.64e-18,1.5016666666666666e-16,8.488333333333333e-18
58878.19,1.57e-16,1.11e-17,1.4906666666666667e-16,8.638333333333335e-18
58882.1,1.3e-16,1.29e-17,1.4970000000000002e-16,8.90388888888889e-18
58882.11,1.7e-16,1.03e-17,1.5e-16,8.94388888888889e-18
58885.12,1.61e-16,1.31e-17,1.5063333333333332e-16,8.69166666666667e-18
58886.16,1.23e-16,1.69e-17,1.5033333333333334e-16,8.896111111111115e-18
58887.19,1.56e-16,1.81e-17,1.5090000000000002e-16,8.952222222222226e-18
58891.15,1.65e-16,7.42e-18,1.5116666666666665e-16,8.899444444444449e-18
58891.17,1.55e-16,7.12e-18,1.518e-16,9.060000000000004e-18
58892.16,1.54e-16,6.8e-18,1.5294999999999998e-16,8.626111111111118e-18
58893.15,1.59e-16,5.83e-18,1.5335e-16,8.717777777777786e-18
58894.15,1.68e-16,6.9e-18,1.5311666666666664e-16,8.43833333333334e-18
58895.14,1.57e-16,7.07e-18,1.5335e-16,8.425555555555563e-18
58898.17,1.5e-16,7.35e-18,1.5345e-16,8.511666666666673e-18
58900.14,1.48e-16,8.8e-18,1.5348333333333333e-16,8.381111111111117e-18
58905.13,1.29e-16,1.1e-17,1.5404999999999998e-16,8.786111111111115e-18
58913.12,1.64e-16,1.42e-17,1.5331666666666667e-16,9.069259259259264e-18
59062.42,1.47e-16,1.33e-17,1.5315e-16,9.005740740740746e-18
59064.46,1.48e-16,1.62e-17,1.5418333333333332e-16,8.440370370370375e-18
59067.48,1.41e-16,1.08e-17,1.5335000000000002e-16,8.219074074074079e-18
59068.49,1.58e-16,9.12e-18,1.5295e-16,8.198888888888893e-18
59073.42,1.57e-16,8e-18,1.5438333333333333e-16,7.51018518518519e-18
59075.44,1.62e-16,5.13e-18,1.5461666666666666e-16,7.472592592592599e-18
59076.47,1.615e-16,3.97e-18,1.5481666666666667e-16,7.410000000000006e-18
59077.44,1.58e-16,3.64e-18,1.5491666666666666e-16,7.324814814814821e-18
59080.46,1.52e-16,4.83e-18,1.5518333333333334e-16,7.395000000000004e-18
59081.48,1.56e-16,4.37e-18,1.5551666666666669e-16,7.548518518518523e-18
59082.44,1.48e-16,9.49e-18,1.5508333333333332e-16,7.178888888888894e-18
59082.45,1.56e-16,6.35e-18,1.5515000000000002e-16,7.05740740740741e-18
59083.49,1.71e-16,5.59e-18,1.5571666666666667e-16,7.169259259259262e-18
59084.41,1.38e-16,3.14e-18,1.563277777777778e-16,7.19166666666667e-18
59084.42,1.52e-16,3.27e-18,1.580277777777778e-16,7.032962962962967e-18
59084.43,1.61e-16,3.47e-18,1.582611111111111e-16,7.037037037037042e-18
59084.46,1.45e-16,1.54e-18,1.5836111111111112e-16,7.166296296296301e-18
59085.44,1.49e-16,1.79e-18,1.5876111111111112e-16,6.966481481481485e-18
59086.48,1.66e-16,3.88e-18,1.5932777777777777e-16,6.635185185185189e-18
59087.48,1.63e-16,4.31e-18,1.5902777777777777e-16,6.8527777777777815e-18
59088.5,1.71e-16,5.28e-18,1.5904444444444444e-16,6.851481481481485e-18
59089.48,1.58e-16,4.57e-18,1.5864444444444445e-16,6.912407407407412e-18
59090.43,1.62e-16,3.53e-18,1.5884444444444443e-16,6.98592592592593e-18
59091.39,1.69e-16,7.97e-18,1.5874444444444447e-16,6.983518518518523e-18
59091.4,1.55e-16,8.81e-18,1.5879444444444444e-16,7.020000000000004e-18
59091.41,1.59e-16,7.33e-18,1.5899444444444445e-16,7.163518518518522e-18
59091.44,1.67e-16,4.4e-18,1.6019444444444442e-16,7.819259259259264e-18
59092.41,1.6633333333333333e-16,9.53e-18,1.6017777777777777e-16,7.846851851851856e-18
59094.5,1.8e-16,1.68e-17,1.597111111111111e-16,7.347037037037041e-18
59095.34,1.7100000000000002e-16,2.625e-17,1.6019444444444442e-16,6.861666666666671e-18
59107.4,1.5e-16,5.27e-18,1.6002777777777778e-16,6.940740740740744e-18
59110.5,1.6e-16,4.91e-18,1.5981111111111113e-16,6.8738888888888915e-18
59113.42,1.58e-16,3.39e-18,1.604111111111111e-16,6.691851851851854e-18
59116.5,1.49e-16,3.64e-18,1.6057777777777776e-16,6.396481481481483e-18
59120.34,1.575e-16,8.87e-18,1.6007777777777778e-16,6.300740740740742e-18
59120.35,1.5e-16,9.37e-18,1.5921111111111113e-16,6.76e-18
59121.34,1.675e-16,1.0130000000000001e-17,1.586111111111111e-16,6.4114814814814825e-18
59121.36,1.55e-16,1.01e-17,1.580111111111111e-16,6.861111111111112e-18
59122.33,1.5349999999999998e-16,1.285e-17,1.5777777777777777e-16,6.814259259259261e-18
59122.36,1.62e-16,1.43e-17,1.5721111111111112e-16,6.500740740740744e-18
59128.35,1.555e-16,1.395e-17,1.571777777777778e-16,6.629629629629633e-18
59128.43,1.57e-16,2.95e-17,1.5671111111111114e-16,6.455e-18
59129.37,1.5250000000000001e-16,7.194999999999999e-18,1.5626666666666667e-16,6.2992592592592606e-18
59130.38,1.47e-16,6.25e-18,1.554e-16,5.712407407407407e-18
59130.39,1.545e-16,6.08e-18,1.5523333333333333e-16,5.843333333333332e-18
59131.37,1.63e-16,6.87e-18,1.5510000000000002e-16,5.685740740740738e-18
59134.38,1.54e-16,4.95e-18,1.549e-16,5.7766666666666644e-18
59135.29,1.51e-16,2.8400000000000003e-18,1.5480000000000002e-16,5.83685185185185e-18
59136.35,1.37e-16,2.4999999999999998e-18,1.5475e-16,5.549259259259257e-18
59136.4,1.53e-16,3.11e-18,1.545e-16,5.49833333333333e-18
59137.41,1.4e-16,2.965e-18,1.5413333333333335e-16,5.6062962962962935e-18
59138.37,1.55e-16,3.86e-18,1.5325e-16,5.644999999999996e-18
59140.4,1.52e-16,3.43e-18,1.5285e-16,5.83185185185185e-18
59142.38,1.56e-16,3.04e-18,1.5286666666666666e-16,5.780925925925923e-18
59143.39,1.57e-16,3.25e-18,1.524666666666667e-16,5.687407407407405e-18
59144.39,1.53e-16,1.85e-18,1.5143333333333335e-16,4.838333333333332e-18
59144.4,1.53e-16,2.2e-18,1.5151666666666667e-16,5.007407407407407e-18
59145.29,1.54e-16,2.57e-18,1.5131666666666669e-16,5.0205555555555564e-18
59146.37,1.6599999999999999e-16,2.35e-17,1.5126666666666667e-16,4.897777777777778e-18
59150.4,1.46e-16,1.09e-17,1.513e-16,4.709444444444444e-18
59151.32,1.54e-16,1.41e-17,1.5108333333333333e-16,4.7433333333333335e-18
59152.32,1.55e-16,1.82e-17,1.507833333333333e-16,4.626666666666667e-18
59155.36,1.475e-16,1.335e-17,1.5044999999999998e-16,4.781111111111112e-18
59156.38,1.5e-16,1.24e-17,1.5104999999999998e-16,5.296666666666668e-18
59156.43,1.39e-16,1.66e-17,1.5145e-16,4.70888888888889e-18
59157.38,1.41e-16,1.13e-17,1.5105e-16,4.9094444444444454e-18
59158.29,1.43e-16,9.49e-18,1.5161666666666669e-16,4.7061111111111124e-18
59158.3,1.54e-16,9.57e-18,1.5125e-16,4.78888888888889e-18
59164.37,1.5e-16,4.93e-18,1.5198333333333333e-16,5.6138888888888905e-18
59165.31,1.53e-16,3.68e-18,1.5171666666666665e-16,5.516111111111112e-18
59166.38,1.58e-16,4.62e-18,1.5124999999999997e-16,5.529444444444446e-18
59167.36,1.51e-16,7.025e-18,1.5031666666666665e-16,6.2183333333333345e-18
59168.27,1.51e-16,3.89e-18,1.510833333333333e-16,7.138333333333335e-18
59169.32,1.48e-16,4.135e-18,1.5074999999999998e-16,7.139444444444446e-18
59170.23,1.48e-16,4.02e-18,1.4975000000000002e-16,6.993333333333336e-18
59171.26,1.54e-16,3.37e-18,1.4959999999999998e-16,6.97944444444445e-18
59171.27,1.44e-16,4.12e-18,1.4953333333333334e-16,7.072777777777781e-18
59174.26,1.69e-16,6.85e-18,1.4973333333333332e-16,7.423888888888892e-18
59176.35,1.49e-16,4.05e-18,1.4911666666666667e-16,7.913888888888895e-18
59178.18,1.41e-16,8.18e-18,1.4851666666666667e-16,8.34944444444445e-18
59182.23,1.57e-16,1.68e-17,1.4896666666666666e-16,8.15055555555556e-18
59184.17,1.44e-16,1.53e-17,1.4823333333333332e-16,8.723888888888893e-18
59184.21,1.74e-16,1.47e-17,1.4839999999999998e-16,8.515000000000003e-18
59184.23,1.48e-16,1.52e-17,1.482e-16,8.503888888888893e-18
59185.17,1.43e-16,1.31e-17,1.4793333333333332e-16,8.527222222222225e-18
59185.4,1.25e-16,1.82e-17,1.4723333333333333e-16,8.896111111111113e-18
59186.21,1.76e-16,1.53e-17,1.4691666666666665e-16,8.817222222222224e-18
59187.14,1.44e-16,5.84e-18,1.4671666666666665e-16,8.800555555555556e-18
59187.37,1.36e-16,1.63e-17,1.4635e-16,8.934999999999999e-18
59188.21,1.4149999999999998e-16,8.315e-18,1.4638333333333332e-16,8.996111111111111e-18
59188.35,1.52e-16,9.71e-18,1.4628333333333333e-16,8.943888888888889e-18
59189.16,1.61e-16,6.85e-18,1.4625e-16,9.047222222222222e-18
59189.38,1.29e-16,1.21e-17,1.4665000000000003e-16,9.209444444444445e-18
59190.28,1.32e-16,4.51e-18,1.4611666666666667e-16,8.824999999999999e-18
59192.21,1.5250000000000001e-16,5.825e-18,1.4601666666666668e-16,8.82222222222222e-18
59192.31,1.19e-16,1.45e-17,1.4624999999999999e-16,8.598333333333329e-18
59193.2,1.48e-16,1.0485e-17,1.4564999999999999e-16,8.608888888888886e-18
59193.32,1.48e-16,5.15e-18,1.4558333333333334e-16,8.690555555555552e-18
59194.19,1.42e-16,4.88e-18,1.4468333333333332e-16,7.876666666666664e-18
59194.24,1.32e-16,3.94e-18,1.4435e-16,8.202777777777774e-18
59195.25,1.485e-16,4.055e-18,1.4411666666666666e-16,8.437777777777773e-18
59196.24,1.45e-16,9.93e-18,1.4481666666666668e-16,7.779444444444442e-18
59198.19,1.4e-16,5.95e-18,1.4411666666666666e-16,7.039999999999996e-18
59199.27,1.49e-16,5.78e-18,1.4441666666666666e-16,7.107777777777777e-18
59202.21,1.45e-16,5.22e-18,1.4518333333333332e-16,7.104444444444441e-18
59204.25,1.53e-16,6.65e-18,1.455e-16,7.031111111111108e-18
59210.19,1.56e-16,1.16e-17,1.456e-16,7.069999999999999e-18
59216.19,1.53e-16,1.15e-17,1.4526666666666667e-16,6.675555555555553e-18
59218.23,1.46e-16,5.13e-18,1.460333333333333e-16,6.2333333333333294e-18
59220.15,1.48e-16,4.56e-18,1.472e-16,6.41111111111111e-18
59224.27,1.39e-16,6.63e-18,1.4735e-16,6.513333333333331e-18
59226.19,1.42e-16,9.07e-18,1.4868333333333333e-16,5.9933333333333315e-18
59228.15,1.47e-16,1.27e-17,1.4818333333333335e-16,6.396666666666666e-18
59231.13,1.38e-16,8.28e-18,1.4798333333333332e-16,6.495555555555554e-18
59232.19,1.36e-16,4.62e-18,1.4798333333333332e-16,6.595555555555556e-18
59233.13,1.46e-16,4.99e-18,1.4848333333333335e-16,6.226666666666667e-18
59248.13,1.55e-16,5.67e-18,1.481e-16,6.457777777777777e-18
59250.13,1.53e-16,5.32e-18,1.4825e-16,6.493333333333334e-18
59252.13,1.59e-16,4.63e-18,1.4875e-16,6.590000000000003e-18
59254.13,1.51e-16,4.82e-18,1.4831666666666666e-16,6.838888888888892e-18
59256.15,1.55e-16,5.87e-18,1.4811666666666665e-16,7.144444444444447e-18
59260.13,1.51e-16,9.72e-18,1.4808333333333333e-16,7.012777777777781e-18
59264.14,1.52e-16,9.77e-18,1.4761666666666665e-16,6.863888888888891e-18
59266.15,1.67e-16,1.5e-17,1.4754999999999998e-16,6.71277777777778e-18
59268.15,1.57e-16,1.28e-17,1.4745e-16,6.86555555555556e-18
59425.42,1.59e-16,1.94e-17,1.4735e-16,6.888333333333339e-18
59428.44,1.33e-16,7.06e-18,1.4745e-16,6.7466666666666716e-18
59434.44,1.42e-16,3.99e-18,1.4738333333333332e-16,6.727222222222227e-18
59436.44,1.42e-16,4.13e-18,1.4768333333333334e-16,7.01666666666667e-18
59439.46,1.47e-16,5.37e-18,1.4828333333333332e-16,6.995555555555561e-18
59442.47,1.37e-16,3.36e-18,1.4831666666666666e-16,6.925555555555561e-18
59449.44,1.4950000000000001e-16,2.3899999999999998e-17,1.4825e-16,6.940000000000003e-18
59456.48,1.55e-16,6.18e-18,1.4798333333333332e-16,6.713888888888893e-18
59459.42,1.36e-16,3.51e-18,1.4805e-16,6.816111111111115e-18
59460.44,1.39e-16,3.5e-18,1.4835e-16,7.168333333333339e-18
59460.46,1.52e-16,3.66e-18,1.4845e-16,7.290000000000005e-18
59461.44,1.42e-16,2.87e-18,1.4793333333333332e-16,7.34166666666667e-18
59462.47,1.51e-16,2.92e-18,1.478e-16,7.27666666666667e-18
59463.43,1.43e-16,3e-18,1.4761666666666667e-16,7.183888888888892e-18
59463.44,1.45e-16,3.2e-18,1.4648333333333334e-16,7.039444444444446e-18
59464.46,1.42e-16,3.9e-18,1.461e-16,6.820555555555559e-18
59465.44,1.4e-16,3.61e-18,1.4610000000000002e-16,6.773888888888892e-18
59467.46,1.56e-16,2.91e-18,1.4613333333333332e-16,6.791666666666669e-18
59469.44,1.56e-16,3.03e-18,1.4665e-16,6.891666666666669e-18
59471.4,1.37e-16,5.2e-18,1.4688333333333333e-16,6.702777777777779e-18
59474.42,1.44e-16,2.81e-18,1.4691666666666665e-16,6.676111111111115e-18
59477.33,1.47e-16,1.52e-17,1.4688333333333333e-16,6.718888888888892e-18
59478.42,1.55e-16,1.42e-17,1.4718333333333333e-16,6.998333333333336e-18
59479.35,1.68e-16,1.875e-17,1.4718333333333333e-16,6.963333333333337e-18
59484.4,1.54e-16,7.815e-18,1.4766666666666667e-16,6.568333333333336e-18
59487.44,1.395e-16,5.82e-18,1.4793333333333332e-16,6.374444444444446e-18
59488.39,1.47e-16,3.92e-18,1.4796666666666667e-16,6.318333333333335e-18
59489.38,1.4650000000000001e-16,4.21e-18,1.4810000000000003e-16,6.3644444444444465e-18
59496.36,1.33e-16,7.18e-18,1.4811666666666665e-16,6.389444444444449e-18
59501.4,1.455e-16,3.755e-18,1.4848333333333335e-16,6.332222222222226e-18
59504.42,1.59e-16,7.85e-18,1.4875e-16,6.4972222222222245e-18
59505.23,1.34e-16,1.52e-17,1.4898333333333333e-16,6.751111111111114e-18
59512.38,1.575e-16,8.275e-18,1.4911666666666667e-16,7.158333333333336e-18
59517.26,1.49e-16,3.44e-18,1.4898333333333333e-16,7.263333333333337e-18
59518.34,1.48e-16,2.92e-18,1.4848333333333335e-16,7.799444444444447e-18
59520.36,1.36e-16,3.11e-18,1.486e-16,8.408888888888891e-18
59521.32,1.585e-16,3.3650000000000002e-18,1.4886666666666664e-16,8.935e-18
59522.36,1.55e-16,3.16e-18,1.4903333333333333e-16,9.614444444444445e-18
59523.34,1.5049999999999998e-16,2.995e-18,1.503e-16,9.98888888888889e-18
59524.33,1.47e-16,2.62e-18,1.5053333333333333e-16,9.317777777777778e-18
59525.32,1.5300000000000002e-16,3.31e-18,1.5113333333333333e-16,9.267777777777778e-18
59526.33,1.46e-16,3.11e-18,1.5331666666666667e-16,9.887777777777779e-18
59527.3,1.515e-16,4.13e-18,1.5545000000000002e-16,1.0905555555555558e-17
59529.32,1.54e-16,4.41e-18,1.569e-16,1.1153333333333336e-17
59530.29,1.53e-16,6.565e-18,1.5943333333333333e-16,1.1530000000000001e-17
59531.36,1.49e-16,4.74e-18,1.6071666666666668e-16,1.1434444444444445e-17
59532.27,1.44e-16,8.5e-18,1.6231666666666667e-16,1.1816666666666668e-17
59532.28,1.52e-16,8.15e-18,1.6501666666666667e-16,1.2254444444444447e-17
59538.22,1.41e-16,1.54e-17,1.6643333333333335e-16,1.2370000000000001e-17
59540.36,1.4050000000000002e-16,1.375e-17,1.6866666666666664e-16,1.3253333333333335e-17
59542.28,1.52e-16,8.3e-18,1.7069999999999997e-16,1.3847777777777776e-17
59550.23,1.52e-16,3.67e-18,1.725e-16,1.3519999999999999e-17
59622.16,1.93e-16,1.21e-17,1.7395e-16,1.347111111111111e-17
59624.13,1.75e-16,1.12e-17,1.7568333333333333e-16,1.3669999999999999e-17
59627.17,1.72e-16,1.72e-17,1.7683333333333333e-16,1.3985555555555554e-17
59793.46,2.05e-16,4.72e-18,1.7796666666666666e-16,1.4336666666666665e-17
59795.43,2.11e-16,1.55e-17,1.795e-16,1.4377777777777777e-17
59798.43,1.9e-16,5.82e-18,1.8096666666666666e-16,1.4316111111111107e-17
59801.4,2.09e-16,1.32e-17,1.8258333333333335e-16,1.4381111111111108e-17
59807.45,1.84e-16,1.16e-17,1.8388333333333332e-16,1.432555555555555e-17
59810.4,2.07e-16,1.09e-17,1.8528333333333333e-16,1.4161111111111108e-17
59815.44,2.15e-16,3.75e-18,1.8688333333333334e-16,1.3876111111111107e-17
59817.44,2e-16,3.9e-18,1.8815e-16,1.3646666666666662e-17
59821.45,2.16e-16,3.73e-18,1.8948333333333332e-16,1.3229444444444439e-17
59824.44,2.09e-16,3.85e-18,1.9068333333333335e-16,1.2892777777777775e-17
59829.48,1.9e-16,3.91e-18,1.9276666666666667e-16,1.2344999999999997e-17
59840.43,2.02e-16,4.57e-18,1.9383333333333334e-16,1.1947222222222221e-17
59840.48,2.07e-16,4.47e-18,1.9506666666666668e-16,1.1325e-17
59842.44,1.85e-16,5.14e-18,1.9466666666666667e-16,1.1006666666666664e-17
59844.44,1.81e-16,4.33e-18,1.9506666666666666e-16,1.107722222222222e-17
59847.38,1.99e-16,4.13e-18,1.959e-16,1.1163888888888888e-17
59849.44,1.9e-16,4.77e-18,1.9546666666666665e-16,1.0324999999999999e-17
59851.46,2e-16,3.87e-18,1.941e-16,9.924999999999999e-18
59854.4,1.93e-16,3.36e-18,1.9423333333333335e-16,9.777222222222221e-18
59856.42,1.95e-16,4.1e-18,1.9350000000000001e-16,8.954444444444444e-18
59858.42,1.97e-16,4.35e-18,1.9383333333333334e-16,9.123888888888886e-18
59860.48,1.82e-16,1.17e-17,1.9343333333333332e-16,8.576666666666665e-18
59862.38,1.92e-16,1.88e-17,1.925e-16,7.74611111111111e-18
59864.4,1.77e-16,1.8e-17,1.9233333333333334e-16,7.456666666666666e-18
59866.32,2.03e-16,9.89e-18,1.9126666666666665e-16,6.862777777777776e-18
59872.34,1.84e-16,4.47e-18,1.9076666666666667e-16,6.255555555555556e-18
59874.39,1.89e-16,2.83e-18,1.9083333333333334e-16,6.257777777777777e-18
59877.4,1.81e-16,5.6e-18,1.905e-16,6.116666666666667e-18
59879.32,1.87e-16,4.36e-18,1.898e-16,6.0722222222222225e-18
59881.36,1.97e-16,4.2e-18,1.8956666666666667e-16,6.402222222222224e-18
59883.24,1.92e-16,4.87e-18,1.9013333333333332e-16,5.954444444444446e-18
59893.4,1.7e-16,1.98e-17,1.895e-16,6.48777777777778e-18
59895.29,1.94e-16,8.36e-18,1.8939999999999998e-16,6.7400000000000034e-18
59897.25,1.87e-16,6.09e-18,1.8873333333333334e-16,7.260000000000003e-18
59899.25,1.94e-16,7.92e-18,1.8879999999999998e-16,7.478888888888892e-18
59901.3,1.95e-16,4.93e-18,1.8969999999999998e-16,8.02555555555556e-18
59903.25,1.87e-16,6.2e-18,1.902e-16,8.158888888888892e-18
59910.22,1.95e-16,4.53e-18,1.9183333333333333e-16,8.627777777777782e-18
59913.22,1.84e-16,6.43e-18,1.927e-16,8.992222222222227e-18
59922.22,1.94e-16,1.31e-17,1.9389999999999998e-16,8.672222222222227e-18
59953.12,1.92e-16,9.73e-18,1.9483333333333333e-16,9.022222222222228e-18
59957.12,1.92e-16,1.82e-17,1.9593333333333336e-16,9.037777777777781e-18
59969.19,1.86e-16,8.84e-18,1.966e-16,9.017777777777781e-18
59978.14,1.78e-16,1.33e-17,1.9756666666666667e-16,8.71444444444445e-18
