mjd,flux,fluxe,flux_rolling_mean,flux_rolling_rmsd
58378.35,1.02e-16,3.11e-18,9.367666666666668e-17,6.08511111111111e-18
58379.37,9.91e-17,3.2e-18,9.387166666666667e-17,6.104555555555555e-18
58380.41,9.32e-17,2.74e-18,9.315166666666667e-17,5.948555555555554e-18
58382.41,9.56e-17,4.85e-18,9.310000000000001e-17,6.295666666666665e-18
58383.42,8.825e-17,8.87e-18,9.273e-17,6.3353333333333324e-18
58384.38,8.47e-17,1.19e-17,9.241333333333333e-17,6.46711111111111e-18
58384.47,9.83e-17,1.14e-17,9.1785e-17,6.5859999999999995e-18
58389.35,9.93e-17,9.63e-18,9.072833333333335e-17,6.846999999999999e-18
58390.38,9.94e-17,7e-18,9.025833333333332e-17,6.8245555555555555e-18
58397.34,9.77e-17,2.65e-18,8.931833333333334e-17,7.393333333333333e-18
58422.27,6.4e-17,4.72e-18,8.948166666666665e-17,7.696555555555554e-18
58425.2,7.13e-17,5.03e-18,8.910500000000001e-17,7.699555555555554e-18
58428.22,7.4e-17,4.31e-18,8.820500000000001e-17,8.033999999999997e-18
58431.23,8.46e-17,7.25e-18,8.752166666666667e-17,8.156777777777776e-18
58434.27,9.33e-17,7.15e-18,8.657166666666667e-17,8.635944444444444e-18
58436.22,9.43e-17,6.2e-18,8.596166666666666e-17,8.94011111111111e-18
58437.23,8.24e-17,7.23e-18,8.5285e-17,8.953888888888888e-18
58472.17,9.91e-17,1.2e-17,8.458166666666667e-17,9.218277777777775e-18
58482.15,8.81e-17,6.61e-18,8.428833333333334e-17,9.465999999999997e-18
58487.15,8.83e-17,3.89e-18,8.3515e-17,1.0051888888888888e-17
58491.16,7.9e-17,5.9250000000000004e-18,8.407333333333334e-17,1.0290111111111112e-17
58493.17,7.03e-17,5.91e-18,8.446333333333333e-17,1.0115333333333334e-17
58494.15,8.34e-17,4.94e-18,8.444000000000001e-17,9.977166666666666e-18
58494.16,6.68e-17,5.02e-18,8.459666666666666e-17,9.933e-18
58503.19,9.72e-17,1.74e-17,8.46e-17,9.695833333333332e-18
58507.2,8.61e-17,1.28e-17,8.481e-17,9.588444444444444e-18
58509.17,7.22e-17,1.23e-17,8.631e-17,9.077833333333335e-18
58510.15,7.89e-17,1.5e-17,8.773333333333332e-17,8.962111111111111e-18
58511.13,7e-17,7.22e-18,8.913333333333332e-17,9.010611111111112e-18
58667.44,7.8e-17,4.88e-18,8.978e-17,9.031777777777777e-18
58670.46,8.17e-17,3.28e-18,9.043666666666666e-17,9.198833333333334e-18
58673.47,7.8e-17,3.95e-18,9.116e-17,9.412777777777778e-18
58682.48,8.44e-17,1.21e-17,9.188e-17,9.403944444444445e-18
58683.49,7.24e-17,1.44e-17,9.247666666666668e-17,9.450222222222223e-18
58690.46,1.05e-16,6.14e-18,9.337333333333333e-17,9.788833333333333e-18
58693.46,9.64e-17,3.18e-18,9.393e-17,9.749222222222224e-18
58696.43,9.76e-17,2.89e-18,9.523000000000001e-17,1.0154777777777776e-17
58699.48,1.04e-16,4.11e-18,9.675333333333333e-17,1.0211666666666667e-17
58703.5,9.95e-17,4.95e-18,9.747333333333333e-17,1.0354555555555557e-17
58706.46,1.04e-16,3.12e-18,9.884e-17,1.006211111111111e-17
58709.46,1.09e-16,9.51e-18,9.883666666666668e-17,9.661333333333333e-18
58717.44,1.14e-16,9.23e-18,9.966666666666665e-17,1.0099555555555556e-17
58723.46,1.16e-16,2.9e-18,1.0034e-16,9.732888888888888e-18
58726.44,1.04e-16,3.43e-18,1.0044333333333335e-16,9.849222222222223e-18
58730.47,1.13e-16,3.74e-18,1.0125999999999999e-16,9.254111111111112e-18
58733.46,1.16e-16,3.36e-18,1.0124333333333334e-16,9.370222222222223e-18
58746.48,1.04e-16,7.465e-18,1.0138000000000001e-16,9.26088888888889e-18
58747.32,1.17e-16,7.42e-18,1.0109333333333333e-16,9.516666666666666e-18
58749.44,1.15e-16,5.035e-18,1.0103e-16,9.509000000000002e-18
58750.36,1.05e-16,6.15e-18,1.0140333333333333e-16,9.001666666666667e-18
58756.4,1.18e-16,5.09e-18,1.0076000000000001e-16,8.670333333333333e-18
58759.4,1.16e-16,4.3e-18,1.0013e-16,8.889777777777777e-18
58765.44,1.05e-16,4.39e-18,9.967333333333334e-17,8.863555555555554e-18
58767.4,1.078e-16,1.795e-17,9.877666666666667e-17,8.865777777777778e-18
58768.31,9.71e-17,1.85e-17,9.767666666666667e-17,9.391999999999999e-18
58772.25,1.11e-16,1.92e-17,9.656333333333332e-17,9.661555555555554e-18
58775.19,9.24e-17,4.92e-18,9.551e-17,9.53414814814815e-18
58785.32,8.2e-17,5.68e-18,9.432333333333333e-17,9.216185185185184e-18
58788.19,9.45e-17,6.72e-18,9.322e-17,8.697333333333334e-18
58791.27,7.75e-17,4.67e-18,9.276333333333333e-17,8.816296296296295e-18
58803.21,8.58e-17,1.31e-17,9.125666666666667e-17,8.93411111111111e-18
58811.19,6.94e-17,6.96e-18,9.023333333333334e-17,8.504111111111111e-18
58814.23,8.25e-17,1.09e-17,8.974999999999999e-17,8.627888888888888e-18
58831.15,8.36e-17,1.19e-17,8.845666666666666e-17,8.282074074074075e-18
58836.13,8.57e-17,3.97e-18,8.738666666666668e-17,7.841703703703704e-18
58846.09,7.75e-17,5.21e-18,8.655333333333333e-17,7.838222222222222e-18
58854.1,8.39e-17,1.51e-17,8.548333333333332e-17,7.34925925925926e-18
58859.09,7.71e-17,1.29e-17,8.441333333333332e-17,6.822592592592593e-18
58862.13,6.65e-17,4.53e-18,8.431333333333333e-17,7.247814814814814e-18
58872.15,7.06e-17,5.45e-18,8.384666666666667e-17,7.255814814814815e-18
58875.13,7.74e-17,4.77e-18,8.37411111111111e-17,7.520481481481481e-18
58881.14,7.84e-17,1.35e-17,8.319444444444445e-17,7.319148148148147e-18
58885.11,8.29e-17,1.34e-17,8.299444444444446e-17,7.23925925925926e-18
58892.15,9.03e-17,9.45e-18,8.317444444444444e-17,6.892925925925925e-18
58895.13,6.78e-17,8.84e-18,8.307444444444445e-17,7.054037037037036e-18
59038.48,8.53e-17,1.41e-17,8.344333333333333e-17,6.670148148148146e-18
59046.48,8.95e-17,4.7e-18,8.316666666666667e-17,6.739370370370369e-18
59047.47,7.82e-17,2.98e-18,8.373222222222223e-17,6.107814814814814e-18
59048.46,8.29e-17,2.81e-18,8.365888888888889e-17,5.980481481481481e-18
59054.46,8e-17,2.65e-18,8.349222222222223e-17,5.990703703703704e-18
59057.42,8.59e-17,4.02e-18,8.332888888888889e-17,6.026962962962963e-18
59062.42,8.39e-17,1.05e-17,8.383e-17,6.029148148148149e-18
59066.4,1.02e-16,1.55e-17,8.391666666666667e-17,6.064444444444444e-18
59073.42,9.38e-17,5.71e-18,8.453666666666666e-17,6.214574074074075e-18
59075.45,9.393333333333332e-17,2.8433333333333332e-18,8.541666666666667e-17,5.937592592592592e-18
59076.46,9.46e-17,4.78e-18,8.620333333333335e-17,5.8578333333333325e-18
59076.49,8.64e-17,3.99e-18,8.568666666666667e-17,6.350851851851852e-18
59077.43,8.74e-17,2.95e-18,8.546666666666666e-17,6.557703703703702e-18
59080.48,9.15e-17,3.54e-18,8.538666666666667e-17,6.61211111111111e-18
59082.41,8.856666666666667e-17,3.933333333333333e-18,8.482000000000002e-17,6.6444814814814796e-18
59084.39,7.75e-17,3.42e-18,8.503333333333334e-17,6.363611111111109e-18
59085.43,8.636666666666667e-17,2.9966666666666665e-18,8.448e-17,6.710425925925924e-18
59086.46,8.03e-17,2.6e-18,8.373000000000001e-17,6.963018518518516e-18
59089.38,7.86e-17,4.53e-18,8.376333333333334e-17,6.824629629629628e-18
59089.42,8.08e-17,3.72e-18,8.357444444444444e-17,6.892685185185183e-18
59090.39,9.253333333333333e-17,4.993333333333333e-18,8.341444444444443e-17,6.9237962962962944e-18
59091.37,8.65e-17,8.28e-18,8.385777777777778e-17,7.523240740740739e-18
59092.37,9.57e-17,1.21e-17,8.388277777777778e-17,7.743037037037035e-18
59092.39,9.289999999999999e-17,8.685e-18,8.339611111111111e-17,7.478499999999998e-18
59099.4,9.42e-17,1.6e-17,8.334611111111111e-17,7.693740740740738e-18
59107.38,6.19e-17,4.63e-18,8.303166666666667e-17,7.706648148148146e-18
59110.34,7.18e-17,6.25e-18,8.28e-17,7.858888888888887e-18
59113.39,8.05e-17,3.3e-18,8.222666666666666e-17,8.018092592592592e-18
59115.42,7.33e-17,3.36e-18,8.139666666666666e-17,8.351907407407405e-18
59116.31,7.42e-17,2.87e-18,8.104833333333333e-17,8.376425925925925e-18
59117.33,6.87e-17,2.48e-18,8.096111111111113e-17,8.641999999999999e-18
59118.44,6.7e-17,2.6e-18,8.09111111111111e-17,8.451462962962963e-18
59119.36,7.92e-17,6.84e-18,8.058055555555556e-17,8.469037037037035e-18
59120.34,7.723333333333334e-17,8.796666666666667e-18,8.003388888888889e-17,8.701240740740738e-18
59120.46,7.52e-17,3.67e-18,7.962555555555555e-17,8.80511111111111e-18
59121.33,9.92e-17,1.22e-17,7.864555555555554e-17,9.49724074074074e-18
59121.35,8.465e-17,1.0065e-17,7.798611111111112e-17,9.275999999999997e-18
59122.34,8.74e-17,1.69e-17,7.725277777777777e-17,9.504537037037036e-18
59128.32,9.23e-17,1.6e-17,7.657944444444444e-17,9.169296296296293e-18
59128.33,8.449999999999999e-17,1.07e-17,7.559611111111112e-17,9.172611111111107e-18
59129.35,8.765e-17,5.885e-18,7.468611111111111e-17,8.986370370370365e-18
59129.36,6.92e-17,7.2e-18,7.468944444444445e-17,8.654759259259256e-18
59130.37,6.25e-17,5.64e-18,7.444777777777777e-17,8.555370370370367e-18
59130.39,8.105e-17,4.91e-18,7.420111111111112e-17,8.502203703703703e-18
59131.37,8.595e-17,6.38e-18,7.42361111111111e-17,8.258148148148145e-18
59134.28,7.6e-17,4.505e-18,7.418277777777777e-17,8.04509259259259e-18
59135.28,7.644999999999999e-17,2.5500000000000003e-18,7.403611111111113e-17,7.909777777777774e-18
59135.29,6.39e-17,2.47e-18,7.429611111111112e-17,7.527574074074072e-18
59136.35,6.635000000000001e-17,2.4850000000000003e-18,7.462944444444444e-17,8.067555555555553e-18
59137.25,5.14e-17,7.03e-18,7.493833333333332e-17,8.45909259259259e-18
59137.27,7.275e-17,4.92e-18,7.523166666666667e-17,8.698185185185182e-18
59138.36,6.45e-17,4.58e-18,7.399833333333333e-17,8.372759259259256e-18
59138.37,7.55e-17,4.16e-18,7.374e-17,8.286407407407406e-18
59139.39,6.34e-17,6.84e-18,7.300333333333333e-17,8.20683333333333e-18
59140.29,6.69e-17,3.33e-18,7.216666666666666e-17,7.875037037037034e-18
59140.3,6.2e-17,3.46e-18,7.318333333333333e-17,8.965685185185183e-18
59140.31,6.455000000000001e-17,1.73e-18,7.256833333333334e-17,8.680555555555555e-18
59141.3,7.31e-17,2.79e-18,7.296833333333333e-17,8.728907407407404e-18
59141.31,7.434999999999999e-17,1.459e-18,7.3575e-17,8.526148148148147e-18
59142.38,7.26e-17,3.33e-18,7.305666666666667e-17,8.620685185185183e-18
59142.39,6.43e-17,3.08e-18,7.250166666666666e-17,8.425111111111109e-18
59144.34,7.48e-17,7.7600000000000005e-19,7.235500000000001e-17,8.48709259259259e-18
59150.4,8.92e-17,1.43e-17,7.161999999999999e-17,9.087185185185184e-18
59154.31,8.65e-17,1.67e-17,7.195333333333333e-17,8.753203703703701e-18
59158.29,8.4e-17,8.91e-18,7.240166666666668e-17,8.695777777777775e-18
59164.27,6.22e-17,6.83e-18,7.299166666666667e-17,8.011388888888886e-18
59167.25,7.69e-17,5.27e-18,7.282666666666667e-17,8.039555555555553e-18
59169.25,6.53e-17,4.98e-18,7.306000000000001e-17,7.749166666666665e-18
59172.24,6.72e-17,3.57e-18,7.296666666666667e-17,7.779722222222222e-18
59185.17,6.92e-17,1.18e-17,7.361e-17,7.633388888888888e-18
59189.15,8.12e-17,7.96e-18,7.426e-17,7.687166666666667e-18
59193.18,8.07e-17,6.64e-18,7.483499999999999e-17,7.868111111111112e-18
59195.18,6.55e-17,3.92e-18,7.5185e-17,8.397722222222223e-18
59198.17,6.93e-17,7.86e-18,7.514666666666667e-17,8.583444444444445e-18
59199.17,7.16e-17,7.61e-18,7.527666666666666e-17,8.903222222222222e-18
59202.17,5.44e-17,6.32e-18,7.481666666666665e-17,9.150055555555558e-18
59204.24,7.39e-17,9.39e-18,7.427666666666666e-17,9.299111111111113e-18
59210.19,7.98e-17,1.4e-17,7.324333333333333e-17,8.960111111111112e-18
59215.14,6.91e-17,1.19e-17,7.210666666666667e-17,8.892555555555556e-18
59216.13,6.78e-17,5.085e-18,7.112666666666667e-17,8.826944444444447e-18
59218.11,7.15e-17,6.63e-18,7.071333333333333e-17,8.946944444444446e-18
59219.19,7.27e-17,6.1e-18,7.002333333333335e-17,9.086000000000002e-18
59220.15,7.57e-17,5.15e-18,6.982333333333333e-17,8.995944444444447e-18
59222.15,7.39e-17,1.31e-17,6.929666666666666e-17,9.228000000000002e-18
59224.16,8.15e-17,7.41e-18,6.870333333333332e-17,8.960500000000003e-18
59230.16,8.18e-17,7.58e-18,6.835333333333333e-17,8.961777777777778e-18
59250.15,8.36e-17,9.78e-18,6.758e-17,8.872222222222225e-18
59252.13,7.32e-17,6.27e-18,6.685333333333333e-17,8.754166666666667e-18
59256.13,7.65e-17,6.96e-18,6.644999999999999e-17,8.676777777777778e-18
59412.46,5.05e-17,4.98e-18,6.610666666666667e-17,8.50588888888889e-18
59427.47,5.86e-17,6.52e-18,6.551666666666667e-17,8.53788888888889e-18
59429.44,5.82e-17,4.4e-18,6.561000000000001e-17,7.889222222222223e-18
59434.46,5.24e-17,2.39e-18,6.492000000000002e-17,8.021666666666669e-18
59436.44,5.46e-17,3.11e-18,6.423e-17,7.875000000000002e-18
59439.44,4.98e-17,5.44e-18,6.419166666666668e-17,8.149666666666669e-18
59442.47,5.62e-17,2.86e-18,6.4445e-17,8.665388888888892e-18
59454.38,5.93e-17,7.69e-18,6.435833333333334e-17,9.050666666666667e-18
59454.39,5.14e-17,7.09e-18,6.412833333333334e-17,9.272611111111113e-18
59459.44,9.72e-17,1.8e-18,6.360166666666668e-17,9.207333333333335e-18
59460.41,5.87e-17,2.805e-18,6.314833333333333e-17,9.207944444444447e-18
59461.44,5.8e-17,3.13e-18,6.225333333333333e-17,8.83188888888889e-18
59462.47,5.89e-17,3.2600000000000004e-18,6.122333333333334e-17,8.413277777777778e-18
59463.42,5.34e-17,2.88e-18,6.076333333333334e-17,8.521666666666668e-18
59464.44,5.9e-17,3.05e-18,5.972e-17,8.551166666666666e-18
59466.4,5.39e-17,2.65e-18,5.853666666666667e-17,8.450666666666667e-18
59468.42,5.72e-17,2.59e-18,5.815666666666667e-17,8.191499999999998e-18
59470.38,5.32e-17,2.86e-18,5.754999999999999e-17,8.13911111111111e-18
59472.44,5.91e-17,3.18e-18,5.694333333333333e-17,8.050833333333332e-18
59474.38,6.795e-17,7.45e-18,5.670333333333334e-17,7.669777777777776e-18
59476.48,7.54e-17,1.04e-17,5.660166666666666e-17,7.621944444444443e-18
59484.38,6.89e-17,7.29e-18,5.6555e-17,7.349222222222221e-18
59487.4,6.58e-17,5.81e-18,5.6465e-17,7.499166666666666e-18
59488.38,5.99e-17,3.625e-18,5.598166666666667e-17,7.503444444444442e-18
59489.37,6.03e-17,3.99e-18,5.567833333333334e-17,7.207833333333331e-18
59501.4,5.465e-17,3.99e-18,5.3135e-17,6.637222222222221e-18
59502.41,5.09e-17,7.72e-18,5.178833333333333e-17,7.091388888888887e-18
59503.34,6.98e-17,1.18e-17,5.052833333333333e-17,7.459e-18
59520.29,4.19e-17,3.49e-18,4.9131666666666665e-17,7.97961111111111e-18
59522.27,4.1e-17,3.46e-18,4.8035e-17,8.185e-18
59523.3,3.91e-17,2.63e-18,4.693166666666666e-17,8.426833333333332e-18
59524.32,4.04e-17,2.17e-18,4.5745000000000004e-17,8.785222222222222e-18
59526.32,4e-17,2.75e-18,4.476166666666666e-17,8.958277777777778e-18
59527.23,4.52e-17,5.76e-18,4.411166666666667e-17,8.815444444444445e-18
59529.27,5.155e-17,5.63e-18,4.3355e-17,8.839277777777777e-18
59531.34,4.84e-17,7.65e-18,4.219e-17,8.469777777777778e-18
59531.35,5.35e-17,7.27e-18,4.075666666666667e-17,7.859611111111111e-18
59542.28,4.48e-17,8.91e-18,3.9613333333333335e-17,7.498444444444444e-18
59550.23,4.23e-17,3.39e-18,3.844e-17,7.270722222222221e-18
59784.47,2.09e-17,3.52e-18,3.738e-17,7.310555555555555e-18
59793.47,1.83e-17,2.38e-18,3.637333333333334e-17,7.296722222222221e-18
59796.48,2.02e-17,2.34e-18,3.548166666666667e-17,7.509888888888889e-18
59812.43,1.7e-17,3.26e-18,3.494166666666667e-17,7.571277777777777e-18
59814.44,2.05e-17,3.3e-18,3.4025e-17,7.027777777777777e-18
59816.46,2.59e-17,2.88e-18,3.3875e-17,6.919388888888889e-18
59818.46,1.83e-17,3.08e-18,3.368833333333333e-17,6.951111111111112e-18
59821.42,2.77e-17,2.78e-18,3.384833333333333e-17,6.735388888888888e-18
59839.35,3.37e-17,4.72e-18,3.3765e-17,6.91111111111111e-18
59839.4,3.64e-17,3.9e-18,3.352833333333333e-17,7.399944444444444e-18
59841.36,3.3e-17,3.37e-18,3.316166666666667e-17,8.040888888888888e-18
59841.43,3.24e-17,3.89e-18,3.289333333333334e-17,8.208944444444443e-18
59843.36,3.46e-17,3.33e-18,3.309e-17,8.168722222222222e-18
59846.37,3.06e-17,2.85e-18,3.310333333333333e-17,8.018055555555554e-18
59848.37,2.81e-17,3.05e-18,3.321333333333334e-17,8.405277777777776e-18
59850.39,3.01e-17,2.7e-18,3.4306666666666666e-17,8.520499999999999e-18
59855.37,2.79e-17,2.44e-18,3.5809999999999997e-17,8.130499999999998e-18
59874.21,3.47e-17,3.51e-18,3.743e-17,7.756166666666665e-18
59877.28,4.23e-17,4.55e-18,3.9333333333333334e-17,7.261888888888888e-18
59881.34,3.74e-17,4.27e-18,4.138e-17,6.719055555555553e-18
59883.23,3.54e-17,4.47e-18,4.3386666666666664e-17,6.35422222222222e-18
