mjd	ab_mag	ab_mag_err	flux_dens	flux_dens_err
58288.46	18.24	0.02	1.37e-16	2.74e-18
58298.44	18.28	0.05	1.32e-16	6.58e-18
58301.46	18.25	0.04	1.36e-16	4.61e-18
58305.44	18.15	0.03	1.49e-16	3.66e-18
58312.42	18.29	0.01	1.31e-16	1.48e-18
58324.46	18.20	0.01	1.42e-16	1.95e-18
58327.42	18.09	0.11	1.57e-16	1.52e-17
58333.34	18.23	0.04	1.38e-16	4.81e-18
58335.43	18.14	0.01	1.50e-16	1.71e-18
58335.43	18.13	0.01	1.52e-16	1.58e-18
58335.44	18.11	0.01	1.54e-16	1.39e-18
58335.44	18.17	0.01	1.46e-16	1.52e-18
58336.40	18.12	0.01	1.53e-16	1.40e-18
58336.46	18.11	0.01	1.55e-16	1.14e-18
58336.46	18.10	0.01	1.56e-16	1.85e-18
58340.40	18.26	0.03	1.34e-16	3.20e-18
58343.37	18.27	0.00	1.34e-16	4.88e-19
58346.42	18.29	0.01	1.31e-16	9.20e-19
58349.35	18.22	0.01	1.40e-16	9.62e-19
58352.33	18.24	0.02	1.37e-16	2.56e-18
58353.36	18.18	0.02	1.44e-16	2.38e-18
58353.36	12.37	nan	3.04e-14	nan
58355.36	18.19	0.03	1.44e-16	4.52e-18
58355.44	18.23	0.04	1.38e-16	4.99e-18
58360.35	18.29	0.04	1.31e-16	4.70e-18
58362.36	12.38	nan	3.02e-14	nan
58363.43	18.20	0.02	1.43e-16	2.65e-18
58366.34	18.16	0.01	1.48e-16	7.76e-19
58369.36	18.20	0.01	1.42e-16	1.80e-18
58372.37	17.46	0.01	2.82e-16	2.30e-18
58375.36	17.32	0.01	3.21e-16	2.45e-18
58378.39	18.13	0.01	1.52e-16	1.35e-18
58382.32	18.12	0.02	1.53e-16	2.91e-18
58387.42	17.85	0.05	1.97e-16	9.49e-18
58389.32	17.69	0.02	2.28e-16	4.01e-18
58389.32	12.36	nan	3.08e-14	nan
58390.27	17.82	0.01	2.02e-16	2.69e-18
58426.24	18.34	0.02	1.25e-16	2.86e-18
58429.26	18.31	0.01	1.28e-16	8.86e-19
58432.26	18.24	0.02	1.37e-16	2.75e-18
58435.26	18.26	0.04	1.35e-16	5.44e-18
58438.23	17.57	nan	2.53e-16	nan
58443.11	18.28	0.03	1.32e-16	4.17e-18
58443.11	18.29	0.04	1.31e-16	4.91e-18
58457.15	18.33	0.04	1.26e-16	4.30e-18
58475.16	18.27	0.05	1.33e-16	6.24e-18
58482.10	18.21	0.04	1.41e-16	5.77e-18
58492.12	17.94	nan	1.80e-16	nan
58510.09	18.23	0.10	1.39e-16	1.22e-17
58510.10	18.08	0.06	1.58e-16	9.20e-18
58510.10	18.19	0.07	1.43e-16	9.64e-18
58510.11	18.18	0.06	1.45e-16	8.19e-18
58511.09	18.25	0.06	1.35e-16	7.93e-18
58511.10	18.14	0.05	1.51e-16	7.18e-18
58511.10	18.36	0.06	1.23e-16	6.93e-18
58511.11	18.14	0.06	1.51e-16	8.26e-18
58514.10	18.27	0.04	1.33e-16	4.74e-18
58514.11	18.23	0.04	1.39e-16	4.73e-18
58655.44	18.15	0.05	1.49e-16	6.36e-18
58666.42	17.97	0.01	1.76e-16	1.82e-18
58669.44	18.03	0.01	1.66e-16	1.52e-18
58672.46	17.72	0.01	2.22e-16	1.64e-18
58675.48	17.97	0.01	1.75e-16	2.14e-18
58678.48	17.92	0.01	1.83e-16	1.44e-18
58681.43	17.35	0.02	3.10e-16	6.29e-18
58688.41	16.99	0.01	4.32e-16	4.25e-18
58691.42	17.68	0.01	2.29e-16	1.97e-18
58694.38	17.98	0.01	1.74e-16	1.51e-18
58697.42	17.89	0.01	1.90e-16	1.03e-18
58700.40	17.76	0.01	2.14e-16	9.92e-19
58707.46	17.72	0.01	2.21e-16	1.96e-18
58710.38	17.85	0.03	1.96e-16	6.28e-18
58715.38	18.00	0.03	1.71e-16	4.30e-18
58716.40	18.06	0.01	1.62e-16	1.57e-18
58718.37	18.18	0.03	1.44e-16	4.13e-18
58719.44	18.09	0.01	1.58e-16	1.20e-18
58719.44	18.08	0.00	1.59e-16	6.15e-19
58719.44	18.13	0.02	1.52e-16	2.27e-18
58721.44	18.39	0.19	1.20e-16	2.10e-17
58724.40	18.13	0.02	1.51e-16	2.20e-18
58730.38	18.21	0.01	1.41e-16	1.66e-18
58737.33	18.19	0.05	1.44e-16	6.28e-18
58743.34	18.26	0.06	1.34e-16	7.41e-18
58748.33	18.18	0.01	1.45e-16	1.79e-18
58748.33	18.19	0.01	1.43e-16	1.02e-18
58748.36	18.22	0.02	1.40e-16	2.75e-18
58749.28	18.21	0.01	1.41e-16	1.36e-18
58757.29	18.30	0.02	1.30e-16	2.22e-18
58760.29	18.32	0.02	1.28e-16	2.51e-18
58764.40	18.25	0.03	1.36e-16	3.36e-18
58770.25	18.32	0.08	1.27e-16	9.77e-18
58770.33	18.16	0.08	1.47e-16	1.05e-17
58770.33	18.19	0.07	1.44e-16	9.82e-18
58771.31	18.24	0.07	1.36e-16	8.30e-18
58771.31	18.19	0.06	1.44e-16	7.99e-18
58773.23	18.29	0.13	1.31e-16	1.61e-17
58773.25	18.29	0.09	1.31e-16	1.14e-17
58773.25	18.24	0.05	1.37e-16	5.89e-18
58774.23	18.29	0.02	1.31e-16	2.90e-18
58774.23	18.25	0.02	1.36e-16	3.03e-18
58777.20	18.31	0.03	1.29e-16	3.26e-18
58781.25	18.31	0.05	1.29e-16	5.61e-18
58785.25	18.29	0.03	1.31e-16	3.12e-18
58789.23	18.29	0.03	1.31e-16	3.34e-18
58790.21	18.30	0.03	1.29e-16	3.58e-18
58790.21	18.33	0.00	1.26e-16	4.80e-19
58790.21	18.31	0.00	1.29e-16	5.30e-19
58792.18	18.25	0.03	1.35e-16	4.09e-18
58797.11	18.27	0.07	1.34e-16	8.53e-18
58800.25	18.25	0.07	1.36e-16	8.40e-18
58803.23	18.27	0.03	1.34e-16	4.27e-18
58806.21	18.26	0.04	1.35e-16	5.26e-18
58811.15	18.35	0.03	1.24e-16	3.33e-18
58814.15	18.31	0.05	1.29e-16	5.62e-18
58820.11	18.85	nan	7.82e-17	nan
58831.07	18.37	0.05	1.21e-16	5.30e-18
58835.09	18.26	0.09	1.35e-16	1.10e-17
58838.09	18.29	0.03	1.31e-16	3.29e-18
58852.15	18.26	0.04	1.34e-16	4.33e-18
58856.13	18.41	0.04	1.17e-16	4.23e-18
58860.14	18.37	0.08	1.21e-16	8.75e-18
58863.09	18.31	0.04	1.28e-16	4.25e-18
58872.09	18.32	0.05	1.27e-16	5.30e-18
58872.10	18.33	0.05	1.26e-16	6.09e-18
58872.10	18.29	0.05	1.31e-16	5.69e-18
58872.11	18.35	0.07	1.23e-16	8.14e-18
58873.09	18.34	0.06	1.25e-16	6.65e-18
58874.10	18.28	0.11	1.32e-16	1.34e-17
58874.10	18.39	0.12	1.19e-16	1.34e-17
58874.11	18.49	0.08	1.09e-16	7.90e-18
58876.10	18.25	0.19	1.36e-16	2.40e-17
58876.10	18.37	0.13	1.22e-16	1.49e-17
58876.11	18.34	nan	1.25e-16	nan
58878.09	18.23	0.13	1.39e-16	1.66e-17
58878.10	18.34	0.18	1.25e-16	2.08e-17
58878.10	18.42	0.20	1.16e-16	2.08e-17
59024.48	18.27	0.03	1.33e-16	3.18e-18
59033.36	18.31	0.06	1.29e-16	7.41e-18
59036.38	18.27	0.06	1.33e-16	7.25e-18
59042.46	18.32	0.03	1.27e-16	3.27e-18
59045.36	18.35	0.02	1.24e-16	1.73e-18
59048.42	18.35	0.01	1.24e-16	1.26e-18
59049.39	18.34	0.01	1.25e-16	1.24e-18
59051.40	18.38	0.01	1.20e-16	1.04e-18
59054.40	18.34	0.01	1.25e-16	1.12e-18
59057.45	18.32	0.00	1.27e-16	4.09e-19
59060.42	18.34	0.01	1.24e-16	1.23e-18
59061.35	18.34	0.02	1.25e-16	1.73e-18
59061.36	18.31	0.03	1.29e-16	3.10e-18
59063.40	18.33	0.04	1.26e-16	5.20e-18
59064.39	18.39	0.06	1.20e-16	6.16e-18
59064.41	18.32	0.06	1.27e-16	6.45e-18
59074.43	17.55	nan	2.59e-16	nan
59074.43	17.40	nan	2.98e-16	nan
59074.43	18.24	nan	1.37e-16	nan
59076.37	18.26	0.01	1.35e-16	1.19e-18
59076.37	18.25	0.01	1.35e-16	1.36e-18
59076.38	18.31	0.01	1.28e-16	1.03e-18
59079.41	18.26	0.01	1.35e-16	1.65e-18
59079.41	18.25	0.01	1.36e-16	1.74e-18
59079.41	18.35	0.01	1.24e-16	9.96e-19
59079.42	18.32	0.01	1.28e-16	1.25e-18
59081.41	18.26	0.01	1.34e-16	1.16e-18
59081.41	18.27	0.01	1.33e-16	1.52e-18
59082.46	18.26	0.03	1.35e-16	3.47e-18
59086.37	18.28	0.02	1.32e-16	2.13e-18
59086.37	18.25	0.02	1.36e-16	2.17e-18
59086.37	18.29	0.01	1.31e-16	1.21e-18
59087.36	18.28	0.02	1.32e-16	1.93e-18
59098.34	18.27	0.03	1.34e-16	4.05e-18
59098.37	18.27	0.04	1.33e-16	4.32e-18
59098.37	18.25	0.03	1.36e-16	3.67e-18
59098.37	18.22	0.03	1.40e-16	3.81e-18
59099.35	18.25	0.02	1.35e-16	2.40e-18
59099.35	18.23	0.03	1.38e-16	3.87e-18
59099.35	18.26	0.03	1.35e-16	3.85e-18
59107.30	18.26	0.02	1.35e-16	3.07e-18
59110.27	18.22	0.03	1.39e-16	4.49e-18
59113.30	18.25	0.01	1.35e-16	1.47e-18
59113.31	18.21	0.01	1.41e-16	1.53e-18
59113.31	18.21	0.01	1.41e-16	1.41e-18
59113.31	18.26	0.01	1.34e-16	1.25e-18
59115.33	18.23	0.01	1.38e-16	1.22e-18
59115.33	18.19	0.01	1.44e-16	1.59e-18
59116.32	18.29	0.01	1.30e-16	1.01e-18
59118.27	18.26	0.01	1.35e-16	1.16e-18
59118.27	18.18	0.01	1.45e-16	9.19e-19
59118.27	18.28	0.02	1.32e-16	2.35e-18
59125.29	18.20	0.04	1.43e-16	5.42e-18
59127.32	18.05	nan	1.63e-16	nan
59127.32	18.01	nan	1.69e-16	nan
59129.23	18.27	0.02	1.33e-16	2.41e-18
59130.28	18.22	0.01	1.40e-16	1.91e-18
59130.28	18.25	0.02	1.35e-16	2.15e-18
59131.23	18.26	0.02	1.35e-16	2.37e-18
59134.30	18.24	0.02	1.37e-16	2.62e-18
59137.19	18.32	0.01	1.27e-16	1.38e-18
59139.25	18.31	0.01	1.29e-16	1.60e-18
59139.26	18.31	0.01	1.28e-16	8.10e-19
59139.26	18.35	0.01	1.24e-16	8.74e-19
59141.17	18.27	0.02	1.34e-16	2.35e-18
59141.18	18.30	0.01	1.30e-16	1.55e-18
59141.18	18.36	0.02	1.23e-16	2.39e-18
59143.21	18.33	0.00	1.27e-16	5.45e-19
59145.18	18.30	0.02	1.29e-16	1.83e-18
59147.29	17.47	nan	2.78e-16	nan
59152.21	18.30	0.05	1.30e-16	5.85e-18
59154.17	18.27	0.04	1.33e-16	5.09e-18
59156.20	18.30	0.04	1.30e-16	4.49e-18
59158.23	18.37	0.03	1.21e-16	3.72e-18
59164.17	18.30	0.05	1.30e-16	6.26e-18
59167.21	18.29	0.02	1.31e-16	2.45e-18
59169.17	18.30	0.03	1.29e-16	3.17e-18
59171.19	18.26	0.02	1.34e-16	2.23e-18
59173.22	18.29	0.02	1.31e-16	1.84e-18
59175.16	18.01	nan	1.69e-16	nan
59179.11	18.33	0.03	1.26e-16	3.90e-18
59181.11	18.31	0.06	1.28e-16	6.63e-18
59183.09	18.25	0.06	1.36e-16	8.08e-18
59185.13	18.36	0.05	1.23e-16	5.48e-18
59187.15	18.35	0.04	1.24e-16	4.09e-18
59189.20	18.30	0.02	1.30e-16	2.70e-18
59194.25	18.29	0.05	1.30e-16	6.26e-18
59194.25	18.31	0.07	1.29e-16	7.75e-18
59195.11	18.35	0.03	1.24e-16	3.17e-18
59197.15	18.40	0.14	1.18e-16	1.57e-17
59197.15	18.13	0.16	1.51e-16	2.29e-17
59198.11	18.37	0.03	1.22e-16	2.85e-18
59200.12	18.37	0.04	1.21e-16	4.12e-18
59202.11	18.36	0.03	1.23e-16	3.42e-18
59210.11	18.29	0.05	1.30e-16	6.47e-18
59215.08	18.22	0.04	1.40e-16	4.90e-18
59219.13	18.28	0.03	1.32e-16	3.44e-18
59221.11	17.64	nan	2.38e-16	nan
59227.13	18.32	0.04	1.27e-16	4.63e-18
59229.11	18.23	0.04	1.39e-16	5.14e-18
59248.10	18.31	0.06	1.29e-16	7.38e-18
59248.10	18.32	0.05	1.28e-16	5.76e-18
59248.10	18.18	0.04	1.44e-16	5.32e-18
59248.11	18.28	0.04	1.32e-16	5.09e-18
59248.11	18.27	0.04	1.33e-16	5.34e-18
59249.10	18.28	nan	1.32e-16	nan
59249.10	18.49	nan	1.08e-16	nan
59249.10	16.46	nan	7.07e-16	nan
59250.10	18.46	0.12	1.12e-16	1.28e-17
59250.10	18.29	0.09	1.31e-16	1.02e-17
59250.10	18.30	0.08	1.30e-16	9.20e-18
59250.11	18.25	0.07	1.36e-16	8.84e-18
59250.11	18.35	0.07	1.24e-16	7.84e-18
59251.10	18.27	0.09	1.33e-16	1.13e-17
59251.10	18.23	0.07	1.39e-16	9.59e-18
59251.10	18.36	0.07	1.22e-16	8.26e-18
59251.11	18.31	0.07	1.29e-16	7.97e-18
59251.11	18.24	0.06	1.36e-16	7.28e-18
59376.45	18.39	0.03	1.19e-16	3.34e-18
59382.46	18.28	0.02	1.32e-16	2.26e-18
59390.38	18.15	0.05	1.49e-16	7.39e-18
59392.43	18.16	0.07	1.48e-16	9.10e-18
59397.40	18.20	0.03	1.42e-16	3.40e-18
59400.45	18.47	0.02	1.10e-16	1.88e-18
59404.44	18.49	0.02	1.09e-16	2.13e-18
59406.46	18.49	0.03	1.08e-16	2.76e-18
59409.46	18.45	0.01	1.13e-16	8.24e-19
59411.46	18.54	0.02	1.04e-16	1.46e-18
59416.41	18.56	0.04	1.02e-16	3.59e-18
59418.40	18.63	0.10	9.60e-17	8.88e-18
59425.46	18.35	0.09	1.24e-16	9.90e-18
59426.42	18.52	0.03	1.05e-16	3.13e-18
59427.42	18.46	0.02	1.12e-16	1.85e-18
59428.46	18.51	0.02	1.07e-16	1.55e-18
59428.46	18.51	0.01	1.07e-16	1.14e-18
59429.41	18.44	0.01	1.14e-16	7.63e-19
59430.36	18.52	0.01	1.06e-16	1.31e-18
59434.37	18.49	0.00	1.09e-16	1.78e-19
59439.38	18.53	0.03	1.05e-16	2.51e-18
59448.30	18.48	0.11	1.10e-16	1.10e-17
59448.30	18.40	0.10	1.18e-16	1.05e-17
59452.38	18.67	0.13	9.22e-17	1.08e-17
59452.38	18.66	0.10	9.27e-17	8.68e-18
59453.34	18.52	0.03	1.06e-16	2.86e-18
59454.34	18.52	0.02	1.05e-16	2.15e-18
59454.34	18.62	0.03	9.69e-17	2.41e-18
59458.34	18.60	0.01	9.80e-17	6.08e-19
59458.34	18.65	0.01	9.38e-17	5.88e-19
59459.36	18.57	0.01	1.01e-16	1.02e-18
59460.35	18.54	0.03	1.04e-16	2.58e-18
59460.35	18.52	0.02	1.06e-16	1.74e-18
59461.36	18.56	0.01	1.02e-16	1.14e-18
59462.38	18.59	0.01	9.93e-17	5.83e-19
59462.39	18.60	0.00	9.87e-17	1.33e-19
59463.32	18.55	0.01	1.03e-16	1.16e-18
59464.39	18.55	0.02	1.03e-16	1.47e-18
59464.39	18.52	0.02	1.05e-16	1.53e-18
59466.36	18.52	0.01	1.06e-16	8.62e-19
59468.34	18.61	0.01	9.73e-17	9.14e-19
59470.41	18.52	0.02	1.06e-16	1.49e-18
59472.36	18.53	0.02	1.05e-16	1.45e-18
59474.31	18.57	0.04	1.01e-16	3.89e-18
59474.31	18.55	0.05	1.03e-16	4.34e-18
59479.26	18.57	0.08	1.01e-16	7.87e-18
59479.26	18.52	0.09	1.06e-16	9.05e-18
59480.28	18.57	0.06	1.01e-16	5.93e-18
59484.27	18.42	0.02	1.16e-16	1.63e-18
59484.27	18.48	0.02	1.09e-16	2.05e-18
59485.37	18.76	nan	8.51e-17	nan
59486.29	18.50	0.03	1.08e-16	2.70e-18
59487.32	18.58	0.03	9.98e-17	2.67e-18
59488.31	18.56	0.02	1.02e-16	1.45e-18
59489.28	18.61	0.02	9.71e-17	1.41e-18
59491.23	18.55	0.03	1.03e-16	2.57e-18
59497.30	18.56	0.02	1.02e-16	2.33e-18
59502.25	18.55	0.05	1.03e-16	4.29e-18
59502.25	18.56	0.05	1.02e-16	4.24e-18
59503.25	18.44	0.06	1.14e-16	6.56e-18
59509.25	18.51	0.05	1.07e-16	4.76e-18
59509.25	18.65	0.05	9.35e-17	3.97e-18
59512.16	18.61	0.01	9.79e-17	1.19e-18
59512.27	18.62	0.03	9.63e-17	2.46e-18
59520.21	18.55	0.05	1.03e-16	4.97e-18
59522.19	18.54	0.02	1.04e-16	1.68e-18
59524.21	18.55	0.00	1.03e-16	3.05e-19
59526.17	18.49	0.01	1.09e-16	1.04e-18
59530.21	18.55	0.04	1.03e-16	3.63e-18
59537.30	18.49	0.08	1.09e-16	7.91e-18
59537.30	18.44	0.07	1.14e-16	7.36e-18
59538.25	18.57	0.05	1.01e-16	4.55e-18
59540.17	18.57	0.05	1.01e-16	4.82e-18
59540.18	18.56	0.05	1.02e-16	4.72e-18
59543.13	18.51	0.04	1.07e-16	4.05e-18
59543.13	18.44	0.04	1.14e-16	4.27e-18
59550.13	18.48	0.03	1.10e-16	3.16e-18
59740.46	18.14	0.02	1.51e-16	2.16e-18
59748.44	18.38	0.05	1.20e-16	5.35e-18
59752.41	18.33	0.04	1.26e-16	4.58e-18
59755.44	18.30	0.02	1.29e-16	2.59e-18
59763.44	18.37	0.01	1.22e-16	1.12e-18
59765.45	18.43	0.01	1.15e-16	1.11e-18
59773.45	18.21	0.04	1.40e-16	4.72e-18
59776.38	18.41	0.05	1.17e-16	5.66e-18
59783.41	17.18	nan	3.62e-16	nan
59785.42	18.30	0.01	1.29e-16	9.90e-19
59787.42	18.45	0.01	1.12e-16	5.95e-19
59789.44	18.39	0.02	1.19e-16	2.13e-18
59793.38	18.36	0.01	1.22e-16	9.91e-19
59798.36	18.33	0.01	1.26e-16	1.45e-18
59801.46	18.35	0.02	1.23e-16	2.29e-18
59803.38	18.03	0.05	1.65e-16	7.61e-18
59807.36	18.08	0.03	1.59e-16	4.20e-18
59809.47	18.00	0.02	1.71e-16	2.75e-18
59812.36	18.05	0.01	1.62e-16	9.99e-19
59814.40	18.06	0.01	1.61e-16	1.09e-18
59816.38	18.08	0.02	1.59e-16	2.57e-18
59818.41	17.96	0.01	1.78e-16	1.06e-18
59821.34	18.18	0.01	1.45e-16	1.07e-18
59824.37	18.21	0.00	1.41e-16	3.63e-19
59826.30	18.21	0.03	1.41e-16	3.51e-18
59829.42	18.31	0.02	1.28e-16	1.97e-18
59845.30	18.13	0.01	1.52e-16	1.50e-18
59847.26	18.25	0.01	1.36e-16	1.34e-18
59849.32	18.23	0.02	1.38e-16	2.43e-18
59851.31	18.21	0.01	1.41e-16	1.20e-18
59856.31	17.90	0.02	1.87e-16	2.59e-18
59858.28	17.71	0.02	2.22e-16	4.88e-18
59862.30	18.08	0.06	1.59e-16	8.25e-18
59869.30	17.82	0.02	2.02e-16	3.69e-18
59871.20	17.93	0.02	1.82e-16	2.65e-18
59873.19	18.00	0.01	1.70e-16	2.20e-18
59878.24	18.19	0.03	1.43e-16	3.66e-18
59880.18	18.14	0.02	1.50e-16	2.53e-18
59882.23	18.07	0.02	1.60e-16	2.85e-18
59885.23	17.84	0.02	1.98e-16	4.44e-18
59889.28	17.22	0.02	3.49e-16	7.72e-18
59894.15	17.17	0.02	3.65e-16	5.68e-18
59896.26	16.91	0.01	4.68e-16	4.79e-18
59899.17	17.23	0.02	3.47e-16	6.92e-18
59901.15	17.50	0.03	2.71e-16	6.85e-18
59906.15	17.97	0.02	1.76e-16	2.88e-18
59908.15	18.02	0.03	1.67e-16	4.49e-18
59910.15	17.64	0.01	2.37e-16	3.27e-18
59913.15	17.74	0.02	2.17e-16	4.36e-18
59922.19	17.27	0.01	3.35e-16	4.57e-18
59924.17	17.16	0.01	3.71e-16	4.69e-18
59930.11	17.59	0.01	2.49e-16	3.37e-18
59932.17	16.92	0.01	4.64e-16	4.02e-18
59936.17	18.07	0.05	1.60e-16	7.45e-18
59951.16	18.21	0.07	1.41e-16	9.38e-18
59956.11	18.24	0.10	1.37e-16	1.28e-17
60117.41	18.44	0.03	1.14e-16	3.58e-18
60119.46	18.37	0.02	1.21e-16	1.73e-18
60123.46	18.26	0.02	1.35e-16	2.13e-18
60135.45	18.22	0.01	1.40e-16	1.67e-18
60137.44	18.35	0.02	1.24e-16	2.02e-18
60144.40	18.23	0.00	1.38e-16	3.02e-19
60146.45	18.41	0.00	1.18e-16	4.95e-19
60148.38	18.41	0.01	1.18e-16	1.45e-18
60156.37	18.27	0.17	1.33e-16	2.04e-17
60162.44	17.71	0.02	2.24e-16	3.79e-18
60170.43	17.59	0.01	2.49e-16	1.56e-18
60173.37	17.43	0.01	2.88e-16	2.53e-18
60182.34	16.50	0.01	6.80e-16	3.78e-18
60184.39	16.94	0.01	4.52e-16	4.12e-18
60186.34	16.61	0.01	6.12e-16	7.38e-18
60193.38	16.15	0.01	9.35e-16	4.71e-18
60195.39	16.41	0.01	7.40e-16	4.17e-18
60198.30	16.75	0.01	5.42e-16	3.60e-18
60204.38	17.39	0.01	2.99e-16	2.32e-18
60206.28	17.71	0.01	2.23e-16	1.71e-18
60209.27	17.58	0.01	2.52e-16	2.98e-18
60212.36	17.84	0.01	1.97e-16	2.71e-18
60214.25	17.51	0.03	2.69e-16	6.25e-18
60217.32	17.40	0.03	2.97e-16	9.40e-18
60221.24	17.45	0.01	2.84e-16	3.01e-18
60223.21	17.71	0.02	2.24e-16	3.84e-18
60226.29	17.33	0.01	3.16e-16	2.56e-18
60228.27	17.78	0.01	2.08e-16	2.46e-18
60231.32	17.36	0.01	3.09e-16	2.97e-18
60233.17	17.57	0.01	2.54e-16	2.64e-18
60235.31	17.10	0.01	3.90e-16	2.92e-18
60237.21	16.93	0.01	4.57e-16	4.03e-18
60239.34	16.51	0.01	6.72e-16	4.22e-18
60245.19	17.71	0.04	2.24e-16	7.67e-18
60250.28	17.95	0.03	1.79e-16	4.39e-18
60252.28	17.75	0.02	2.16e-16	3.64e-18
60257.17	17.78	0.02	2.10e-16	4.33e-18
60259.23	17.54	0.01	2.60e-16	3.45e-18
60261.23	17.17	0.01	3.68e-16	3.53e-18
60263.15	17.83	0.02	1.99e-16	2.81e-18
60284.13	17.65	0.01	2.35e-16	2.47e-18
60288.15	17.73	0.03	2.18e-16	5.40e-18
60290.15	17.71	0.02	2.24e-16	3.43e-18
