mjd,flux,fluxe,flux_rolling_mean,flux_rolling_rmsd
58356.35,1.16e-16,4.66e-18,1.069511111111111e-16,2.8248425925925906e-18
58356.43,1.05e-16,4.66e-18,1.0721777777777778e-16,2.73335185185185e-18
58356.5,1.1e-16,4.2e-18,1.0759777777777779e-16,2.8022870370370352e-18
58357.35,1.05e-16,4.84e-18,1.0819777777777778e-16,2.8872222222222206e-18
58357.42,1.12e-16,4.8950000000000005e-18,1.0862e-16,2.8746203703703683e-18
58357.47,1.04e-16,4.295e-18,1.0915333333333333e-16,2.924999999999997e-18
58358.43,1.11e-16,7.41e-18,1.0968666666666666e-16,2.903935185185183e-18
58362.4,1.0800000000000002e-16,2.9666666666666667e-18,1.1025333333333333e-16,2.9525370370370356e-18
58363.45,1.14e-16,2.47e-18,1.1058666666666668e-16,2.849046296296295e-18
58363.47,1.07e-16,2.68e-18,1.1085333333333334e-16,2.6641111111111093e-18
58364.39,1.1000000000000001e-16,1.6149999999999999e-18,1.1135333333333332e-16,2.7175092592592573e-18
58365.39,1.125e-16,1.5700000000000001e-18,1.1188666666666668e-16,2.6729999999999976e-18
58366.38,1.1e-16,1.68e-18,1.1253666666666668e-16,2.840259259259256e-18
58367.38,1.13e-16,1.18e-18,1.1243666666666668e-16,3.3364074074074047e-18
58368.43,1.17e-16,1.23e-18,1.1305e-16,3.2162592592592574e-18
58368.44,1.12e-16,1.26e-18,1.1375e-16,3.189444444444442e-18
58369.4,1.1e-16,1.81e-18,1.1388333333333334e-16,2.9511481481481447e-18
58370.43,1.18e-16,1.17e-18,1.1458333333333333e-16,2.9983333333333305e-18
58371.41,1.15e-16,9.4e-19,1.1478333333333334e-16,3.143814814814812e-18
58371.43,1.1749999999999999e-16,1.002e-18,1.1535000000000002e-16,3.0738888888888867e-18
58372.39,1.17e-16,1.52e-18,1.1588333333333332e-16,3.1067777777777754e-18
58373.45,1.19e-16,1.69e-18,1.1641666666666665e-16,3.0833333333333304e-18
58374.39,1.17e-16,1.2e-18,1.1705e-16,3.2289999999999976e-18
58375.37,1.18e-16,1.39e-18,1.1768333333333335e-16,3.2344444444444428e-18
58377.41,1.23e-16,1.91e-18,1.1811666666666666e-16,3.1856666666666657e-18
58378.38,1.19e-16,1.51e-18,1.1958333333333334e-16,3.887777777777775e-18
58379.4,1.27e-16,1.79e-18,1.1978333333333335e-16,4.178777777777777e-18
58380.31,1.04e-16,1.13e-18,1.203e-16,4.2188888888888875e-18
58380.43,1.1749999999999999e-16,1.635e-18,1.209e-16,4.201555555555554e-18
58382.34,1.24e-16,3.01e-18,1.2143333333333333e-16,4.267777777777777e-18
58383.35,1.2e-16,2.51e-18,1.219e-16,4.285e-18
58383.4,1.26e-16,3.2900000000000002e-18,1.2236666666666665e-16,4.241111111111109e-18
58385.3,1.16e-16,6.26e-18,1.2276666666666667e-16,4.238333333333332e-18
58386.4,1.22e-16,7.88e-18,1.2310000000000002e-16,4.212222222222222e-18
58386.41,1.28e-16,7.59e-18,1.2363333333333335e-16,4.398333333333332e-18
58389.48,1.2e-16,6.89e-18,1.2444999999999998e-16,4.9033333333333334e-18
58397.4,1.3e-16,1.33e-18,1.2431666666666664e-16,5.232777777777777e-18
58423.38,1.27e-16,1.57e-18,1.2458333333333332e-16,5.241111111111111e-18
58424.26,1.27e-16,3.78e-18,1.2504999999999998e-16,5.492777777777777e-18
58425.23,1.51e-16,1.55e-17,1.2608333333333334e-16,6.361111111111112e-18
58425.25,1.16e-16,8.28e-18,1.2608333333333334e-16,6.2305555555555554e-18
58426.27,1.28e-16,1.54e-18,1.2618333333333336e-16,6.290888888888889e-18
58428.23,1.28e-16,2.19e-18,1.2598333333333333e-16,6.1023333333333345e-18
58428.27,1.29e-16,1.02e-18,1.2645000000000001e-16,5.583666666666668e-18
58429.33,1.31e-16,8.28e-19,1.2653333333333333e-16,5.539000000000002e-18
58431.2,1.26e-16,4.81e-18,1.2643333333333334e-16,5.571000000000001e-18
58431.33,1.22e-16,5.34e-18,1.2580000000000002e-16,6.026777777777778e-18
58432.32,1.28e-16,3.92e-18,1.2536666666666668e-16,5.998111111111111e-18
58434.2,1.31e-16,3.33e-18,1.2520000000000002e-16,5.874777777777778e-18
58435.33,1.42e-16,5.4e-18,1.2469999999999999e-16,6.01988888888889e-18
58436.27,1.13e-16,1.94e-17,1.2400000000000002e-16,6.002666666666666e-18
58437.27,1.27e-16,3e-18,1.2416666666666665e-16,6.396666666666667e-18
58437.28,1.31e-16,1.97e-18,1.234e-16,6.2282222222222215e-18
58439.26,1.23e-16,8.03e-18,1.2203333333333333e-16,6.2983333333333326e-18
58447.33,1.22e-16,6.02e-18,1.1960666666666669e-16,6.283888888888888e-18
58456.19,1.21e-16,2.62e-18,1.1944e-16,6.268222222222221e-18
58456.2,1.18e-16,1.71e-18,1.1874e-16,6.4402222222222224e-18
58456.26,1.2e-16,2.13e-18,1.1794e-16,6.546777777777776e-18
58457.18,1.21e-16,2.52e-18,1.1747333333333334e-16,7.043555555555555e-18
58462.28,1.01e-16,8.12e-18,1.1657333333333334e-16,7.156555555555554e-18
58466.25,1.13e-16,8.96e-18,1.1577333333333333e-16,7.384777777777776e-18
58472.12,1.11e-16,4.95e-18,1.1406666666666667e-16,8.028888888888887e-18
58475.15,1.07e-16,3.68e-18,1.1245333333333333e-16,8.380222222222221e-18
58487.11,1.07e-16,1.65e-18,1.1084999999999999e-16,8.481888888888888e-18
58488.11,1.25e-16,1.11e-17,1.0873e-16,8.317518518518516e-18
58490.13,1.07e-16,2.83e-18,1.0762999999999999e-16,8.278037037037036e-18
58490.15,1.04e-16,2.84e-18,1.0641e-16,8.254018518518516e-18
58491.12,1.09e-16,2.84e-18,1.0494000000000001e-16,8.014259259259257e-18
58492.14,7.82e-17,1.11e-17,1.0268333333333334e-16,7.303833333333332e-18
58493.11,1.11e-16,2.11e-18,1.0138666666666667e-16,7.30724074074074e-18
58493.12,1.07e-16,2.17e-18,1.0002333333333333e-16,7.357314814814814e-18
58510.11,1.04e-16,2.54e-18,9.878666666666667e-17,7.310129629629628e-18
58511.11,1.15e-16,3.6e-18,9.754666666666667e-17,7.349314814814812e-18
58523.17,1.04e-16,3.76e-18,9.614333333333334e-17,7.413722222222218e-18
58540.12,1.02e-16,4.18e-18,9.472e-17,7.368129629629627e-18
58655.44,7.08e-17,9.91e-18,9.392333333333333e-17,6.92909259259259e-18
58667.48,7.96e-17,3.44e-18,9.277333333333333e-17,6.838833333333332e-18
58670.48,8.29e-17,1.76e-18,9.175e-17,6.782759259259257e-18
58676.46,7.84e-17,1.82e-18,9.076888888888889e-17,6.6467222222222205e-18
58679.47,7.999999999999999e-17,2.9e-18,8.981555555555556e-17,6.53446296296296e-18
58680.43,9.04e-17,5.63e-18,8.828722222222221e-17,6.009277777777776e-18
58681.44,8.69e-17,5.63e-18,8.730722222222222e-17,6.012685185185184e-18
58682.42,8.13e-17,4.75e-18,8.635388888888889e-17,6.015037037037036e-18
58683.44,8.41e-17,3.82e-18,8.51688888888889e-17,6.013611111111112e-18
58685.44,8.11e-17,3.665e-18,8.499555555555555e-17,5.341018518518519e-18
58686.44,8.39e-17,5.02e-18,8.375555555555555e-17,5.129314814814815e-18
58690.43,8.08e-17,2.69e-18,8.271555555555555e-17,4.9393888888888884e-18
58693.48,7.79e-17,1.42e-18,8.189222222222222e-17,4.847203703703705e-18
58696.48,7.83e-17,1.36e-18,8.045888888888889e-17,4.421055555555556e-18
58698.5,7.71e-17,2.59e-18,7.950222222222221e-17,4.2037962962962965e-18
58699.48,7.85e-17,8.69e-19,7.856555555555555e-17,4.0474259259259265e-18
58703.46,8.03e-17,1.19e-18,7.891555555555556e-17,3.411574074074075e-18
58706.5,7.756666666666667e-17,1.5933333333333333e-18,7.893888888888888e-17,3.076777777777778e-18
58709.42,7.84e-17,4.91e-18,7.888222222222222e-17,2.9244259259259268e-18
58710.41,7.915e-17,4.265e-18,7.863555555555554e-17,2.7048518518518524e-18
58712.44,7.76e-17,4.36e-18,7.833222222222222e-17,2.5725555555555557e-18
58717.48,7.54e-17,4.4e-18,7.788055555555556e-17,2.5087407407407406e-18
58719.41,7.344999999999999e-17,1.565e-18,7.746722222222223e-17,2.5659999999999997e-18
58720.39,7.3e-17,1.94e-18,7.730555555555556e-17,2.408148148148148e-18
58723.39,7.38e-17,7.79e-19,7.706222222222223e-17,2.3761851851851854e-18
58726.38,7.58e-17,1.47e-18,7.707888888888889e-17,2.3928333333333336e-18
58730.42,7.93e-17,1.49e-18,7.685222222222222e-17,2.3982685185185184e-18
58733.4,7.2e-17,1.21e-18,7.66688888888889e-17,2.4034074074074078e-18
58736.43,7.53e-17,1.4e-18,7.663888888888887e-17,2.2806944444444447e-18
58738.37,7.39e-17,3.9149999999999996e-18,7.648888888888889e-17,2.3350370370370375e-18
58739.4,8.13e-17,5.06e-18,7.725222222222222e-17,2.994296296296297e-18
58739.45,8.029999999999999e-17,5.66e-18,7.717055555555557e-17,3.0551111111111125e-18
58745.35,8.12e-17,4.53e-18,7.692055555555555e-17,3.175962962962964e-18
58745.38,7.1e-17,4.59e-18,7.678166666666666e-17,3.28377777777778e-18
58748.34,7.09e-17,9.57e-18,7.674666666666667e-17,3.2791481481481502e-18
58748.36,7.685000000000001e-17,2.2e-18,7.665166666666667e-17,3.3116666666666683e-18
58749.37,7.45e-17,1.755e-18,7.6625e-17,3.324870370370372e-18
58750.33,7.645e-17,2.2500000000000004e-18,7.676833333333334e-17,3.3004074074074092e-18
58751.32,7.68e-17,2.47e-18,7.691000000000001e-17,3.1759444444444457e-18
58756.4,8.16e-17,2.27e-18,7.7205e-17,3.162185185185186e-18
58759.31,7.710000000000001e-17,5.694999999999999e-19,7.74075e-17,3.119537037037038e-18
58761.37,7.53e-17,1.745e-18,7.736972222222223e-17,3.177907407407408e-18
58763.29,7.7e-17,2.235e-18,7.731083333333332e-17,3.0984259259259268e-18
58765.42,7.38e-17,1.84e-18,7.758916666666668e-17,3.031907407407408e-18
58774.24,7.605e-17,4.9700000000000005e-18,7.794e-17,3.0621481481481498e-18
58775.19,7.28e-17,2.62e-18,7.781e-17,2.9418333333333347e-18
58775.29,7.34e-17,2.03e-18,7.800666666666667e-17,3.146962962962965e-18
58776.29,7.735e-17,2.905e-18,7.769333333333334e-17,3.1794259259259273e-18
58777.3,7.63e-17,3.385e-18,7.779e-17,3.102370370370371e-18
58778.19,7.68e-17,3.03e-18,7.792833333333334e-17,2.9893148148148158e-18
58778.2,7.97e-17,3.1924999999999998e-18,7.795333333333334e-17,2.9873148148148157e-18
58778.29,7.77e-17,3.73e-18,7.798333333333332e-17,2.9974814814814824e-18
58778.34,8.185e-17,3.6775e-18,7.795722222222223e-17,3.0613703703703716e-18
58778.35,7.9875e-17,4.575e-18,7.789222222222223e-17,3.163277777777778e-18
58778.36,7.466666666666666e-17,3.613333333333333e-18,7.769666666666667e-17,3.086518518518519e-18
58778.37,7.753333333333332e-17,4.176666666666667e-18,7.759666666666666e-17,3.19950925925926e-18
58778.42,8.035e-17,4.295e-18,7.767666666666666e-17,3.1376296296296295e-18
58778.43,8.2225e-17,5.2425e-18,7.763499999999999e-17,3.2048425925925924e-18
58778.44,7.75e-17,5.035e-18,7.774500000000001e-17,3.112583333333333e-18
58778.45,7.74e-17,4.626666666666667e-18,7.696166666666667e-17,2.432305555555556e-18
58778.46,8.62e-17,5.61e-18,7.691666666666666e-17,2.4872222222222223e-18
58779.19,7.18e-17,2.62e-18,7.705333333333333e-17,2.3691388888888885e-18
58779.2,7.39e-17,3.1875e-18,7.736999999999999e-17,2.374333333333332e-18
58779.23,7.505000000000001e-17,2.125e-18,7.7505e-17,2.462444444444443e-18
58779.25,7.76e-17,2.68e-18,7.773833333333333e-17,2.570305555555554e-18
58779.26,7.54e-17,2.616666666666667e-18,7.783e-17,2.5524629629629613e-18
58779.27,7.566666666666667e-17,2.4933333333333335e-18,7.790166666666667e-17,2.5994537037037023e-18
58779.28,7.485e-17,2.2875e-18,7.801722222222222e-17,2.6727777777777768e-18
58779.29,7.573333333333334e-17,2.5366666666666667e-18,7.782555555555555e-17,2.637564814814814e-18
58779.34,7.41e-17,2.7600000000000003e-18,7.779722222222223e-17,2.572537037037037e-18
58779.35,7.77e-17,2.8133333333333334e-18,7.791333333333332e-17,2.5096018518518514e-18
58779.36,7.575e-17,2.575e-18,7.807722222222222e-17,2.6046481481481474e-18
58779.37,7.71e-17,2.9966666666666665e-18,7.81213888888889e-17,2.5890833333333324e-18
58779.42,7.65e-17,3.4099999999999996e-18,7.827166666666668e-17,2.678925925925925e-18
58779.43,7.47e-17,3.9050000000000004e-18,7.82375e-17,2.767972222222221e-18
58779.44,7.69e-17,4.0025e-18,7.83675e-17,2.8240925925925916e-18
58779.45,8.289999999999999e-17,4.093333333333334e-18,7.81375e-17,2.5158055555555544e-18
58779.46,8.14e-17,4.38e-18,7.841333333333334e-17,2.363148148148147e-18
58781.19,8.33e-17,6.71e-18,7.857416666666668e-17,2.2728055555555554e-18
58781.2,7.955e-17,4.55e-18,7.895694444444444e-17,2.443148148148148e-18
58781.25,8.185e-17,4.370000000000001e-18,7.869361111111111e-17,2.742361111111111e-18
58781.26,8.116666666666667e-17,4.406666666666666e-18,7.868361111111111e-17,2.7870185185185183e-18
58781.27,7.61e-17,5.3e-18,7.893638888888889e-17,2.8590277777777776e-18
58781.28,7.9025e-17,5.02e-18,7.899305555555555e-17,2.828759259259259e-18
58781.29,7.815e-17,5.435e-18,7.929194444444445e-17,2.9266018518518516e-18
58781.31,8.245e-17,5.305e-18,7.953527777777779e-17,2.858527777777777e-18
58781.34,8.1675e-17,5.01e-18,7.946861111111112e-17,2.9909722222222225e-18
58781.35,8.673333333333334e-17,6.553333333333334e-18,7.944805555555556e-17,3.0614537037037045e-18
58781.36,7.6475e-17,7.757499999999999e-18,7.939138888888889e-17,3.1744907407407407e-18
58781.37,8.13e-17,7.363333333333333e-18,7.917805555555556e-17,3.4391481481481482e-18
58781.42,7.93e-17,4.5600000000000004e-18,7.933472222222222e-17,3.3430833333333332e-18
58781.43,8.0075e-17,6.005e-18,7.940138888888889e-17,3.3345740740740736e-18
58781.44,7.8725e-17,6.2675e-18,7.948472222222223e-17,3.3399722222222227e-18
58781.45,8.653333333333334e-17,8.436666666666666e-18,7.896805555555556e-17,3.733074074074074e-18
58781.46,6.97e-17,8.08e-18,7.881472222222224e-17,3.6580648148148154e-18
58782.33,7.51e-17,2.76e-18,7.886972222222222e-17,3.6407037037037036e-18
58786.35,8.325e-17,5.22e-18,7.885472222222222e-17,3.5458611111111104e-18
58787.22,7.655000000000001e-17,4.1399999999999995e-18,7.880916666666666e-17,3.536574074074073e-18
58788.25,8.47e-17,3.94e-18,7.96725e-17,4.099157407407406e-18
58788.28,8.14e-17,2.63e-18,7.9745e-17,4.144907407407407e-18
58788.29,7.57e-17,2.49e-18,7.988666666666668e-17,4.1196574074074055e-18
58790.2,7.513333333333332e-17,2.3099999999999996e-18,7.9575e-17,4.344314814814814e-18
58791.34,7.54e-17,2.51e-18,7.981249999999999e-17,4.457675925925925e-18
58794.3,7.01e-17,4.21e-18,7.981138888888889e-17,4.32011111111111e-18
58800.29,7.94e-17,8.17e-18,8.005555555555555e-17,4.2337870370370364e-18
58801.28,7.890000000000001e-17,8.555e-18,8.011222222222222e-17,4.22961111111111e-18
58801.29,8.54e-17,8.25e-18,8.047555555555555e-17,4.395675925925925e-18
58803.28,6.59e-17,3.57e-18,8.067972222222222e-17,4.408555555555555e-18
58806.25,7.87e-17,2.27e-18,8.117555555555556e-17,4.644564814814813e-18
58811.16,8.12e-17,3.55e-18,8.112777777777779e-17,4.430722222222221e-18
58812.21,8.14e-17,2.48e-18,8.17111111111111e-17,4.154175925925925e-18
58814.17,7.98e-17,9.22e-18,8.200444444444444e-17,4.1089074074074065e-18
58819.15,8.12e-17,3.65e-18,8.260444444444445e-17,4.0860925925925934e-18
58831.1,8.24e-17,3.77e-18,8.278444444444445e-17,4.0334166666666664e-18
58850.1,7.31e-17,8.2e-18,8.275444444444445e-17,4.188787037037038e-18
58854.13,8.88e-17,6.26e-18,8.319277777777778e-17,4.115805555555556e-18
58854.15,8.67e-17,9.59e-18,8.354166666666667e-17,4.020287037037036e-18
58856.16,8.38e-17,4.5e-18,8.412666666666667e-17,4.072777777777777e-18
58859.17,8.3e-17,4.7e-18,8.499666666666666e-17,4.0613055555555544e-18
58860.2,9.02e-17,7.44e-18,8.518333333333334e-17,4.0974351851851854e-18
58867.09,8.62e-17,5.62e-18,8.514e-17,4.360898148148148e-18
58871.09,9.36e-17,4.21e-18,8.576e-17,4.783324074074073e-18
58871.1,8.51e-17,2.45e-18,8.625000000000001e-17,4.4768703703703695e-18
58872.11,8.72e-17,3.65e-18,8.638166666666666e-17,4.5028888888888885e-18
58873.1,8.39e-17,2.1e-18,8.631166666666667e-17,4.7263518518518504e-18
58874.11,9.17e-17,3.28e-18,8.664277777777778e-17,4.904111111111109e-18
58874.12,8.61e-17,7.02e-18,8.701277777777778e-17,5.000870370370369e-18
58875.11,9.01e-17,2.58e-18,8.665277777777779e-17,4.530759259259259e-18
58876.12,8.05e-17,2e-18,8.681611111111112e-17,4.504296296296296e-18
58882.13,8.885e-17,4.5149999999999995e-18,8.685277777777777e-17,4.55112962962963e-18
58884.13,8.56e-17,8.21e-18,8.717611111111111e-17,4.311407407407407e-18
58885.14,9.295e-17,7.365e-18,8.696277777777779e-17,4.218092592592592e-18
58887.12,9.62e-17,4.43e-18,8.683277777777779e-17,4.189629629629628e-18
58891.11,8.5e-17,3.57e-18,8.673944444444444e-17,4.3007222222222216e-18
58894.13,7.76e-17,3.48e-18,8.671611111111111e-17,4.2961481481481476e-18
58904.11,8.06e-17,4.72e-18,8.61861111111111e-17,4.359666666666666e-18
58904.12,8.265e-17,5.24e-18,8.590611111111111e-17,4.147907407407407e-18
58904.13,7.91e-17,5.21e-18,8.58761111111111e-17,4.124037037037037e-18
58906.12,9.133333333333333e-17,8.306666666666667e-18,8.568944444444446e-17,4.170462962962961e-18
58912.11,9.09e-17,1.01e-17,8.579277777777777e-17,4.197703703703703e-18
58912.12,9.120000000000001e-17,7.785e-18,8.558944444444444e-17,4.105685185185183e-18
58912.13,8.61e-17,8.65e-18,8.548944444444443e-17,4.079370370370368e-18
59046.44,8.35e-17,1.54e-18,8.528944444444444e-17,4.011462962962962e-18
59047.42,8.28e-17,1.06e-18,8.526277777777778e-17,3.898370370370368e-18
59048.42,8.24e-17,1.72e-18,8.520777777777777e-17,3.984574074074072e-18
59049.42,8.28e-17,1.58e-18,8.510444444444444e-17,3.932481481481479e-18
59050.48,8.1e-17,1.48e-18,8.465944444444444e-17,3.8313518518518494e-18
59051.42,8.23e-17,2.13e-18,8.415944444444445e-17,3.562333333333332e-18
59052.42,8.08e-17,1.08e-18,8.40761111111111e-17,3.5053518518518505e-18
59053.46,7.97e-17,1.27e-18,8.440611111111113e-17,3.362925925925924e-18
59054.44,8.52e-17,1.42e-18,8.371277777777778e-17,2.792240740740739e-18
59055.46,8.42e-17,8.53e-19,8.37661111111111e-17,2.6311481481481476e-18
59056.48,8.16e-17,1.22e-18,8.38111111111111e-17,2.552388888888888e-18
59057.46,8.7e-17,1.86e-18,8.377111111111112e-17,2.5004074074074073e-18
59060.44,8.56e-17,1.21e-18,8.330333333333333e-17,2.500500000000001e-18
59061.39,8.31e-17,3.14e-18,8.297666666666667e-17,2.3695925925925937e-18
59063.41,8.41e-17,4.55e-18,8.268999999999999e-17,2.204685185185186e-18
59064.4,7.97e-17,5.12e-18,8.262333333333332e-17,2.2646666666666673e-18
59065.42,8.72e-17,6.24e-18,8.261666666666666e-17,2.267351851851852e-18
59066.46,8.25e-17,4.46e-18,8.251333333333333e-17,2.238703703703704e-18
59073.46,7.96e-17,2.29e-18,8.255333333333333e-17,2.2322222222222225e-18
59075.48,8.12e-17,1.9e-18,8.249666666666667e-17,2.1662962962962968e-18
59076.4,8.25e-17,1.38e-18,8.247e-17,2.060092592592593e-18
59076.42,8.75e-17,1.63e-18,8.265666666666667e-17,2.246111111111112e-18
59077.47,8.32e-17,7.84e-19,8.272333333333333e-17,2.223796296296297e-18
59079.43,8.22e-17,1.19e-18,8.295333333333335e-17,2.3000370370370377e-18
59079.46,8.4e-17,2.59e-18,8.310666666666667e-17,2.6027962962962975e-18
59082.48,7.79e-17,2.08e-18,8.311666666666668e-17,2.7620000000000016e-18
59085.46,7.73e-17,8.33e-19,8.294666666666668e-17,2.7681851851851873e-18
59085.49,8.11e-17,8.22e-19,8.228e-17,3.053111111111113e-18
59086.38,8.26e-17,1.38e-18,8.193666666666667e-17,3.0874444444444466e-18
59086.42,8.41e-17,1.06e-18,8.169e-17,3.172222222222224e-18
59087.45,8.33e-17,1.43e-18,8.143000000000001e-17,3.177111111111113e-18
59088.4,7.97e-17,1.74e-18,8.130333333333333e-17,3.1327777777777805e-18
59088.42,8.36e-17,1.97e-18,8.098666666666667e-17,3.005333333333335e-18
59089.44,8.11e-17,1.04e-18,8.077333333333333e-17,3.032888888888891e-18
59090.49,8.02e-17,1.12e-18,8.067333333333334e-17,2.93577777777778e-18
59093.4,8.79e-17,4.91e-18,8.045999999999999e-17,2.948111111111113e-18
59094.38,8.28e-17,8.79e-18,8.019333333333334e-17,3.0048888888888907e-18
59095.45,8.66e-17,6.94e-18,7.960666666666666e-17,3.0365555555555572e-18
59096.38,8.98e-17,6.4e-18,7.923e-17,3.1407777777777792e-18
59102.42,8.45e-17,1.09e-17,7.928999999999999e-17,3.411222222222223e-18
59102.43,7.65e-17,1.35e-17,7.889666666666667e-17,3.4588888888888904e-18
59104.42,6.7e-17,5.13e-18,7.877666666666667e-17,3.297555555555557e-18
59106.38,7.53e-17,2.85e-18,7.862666666666667e-17,3.1383333333333336e-18
59109.39,7.57e-17,2.59e-18,7.836666666666665e-17,3.111666666666667e-18
59109.4,7.63e-17,2.7e-18,7.785666666666667e-17,3.2967777777777782e-18
59112.38,7.59e-17,1.22e-18,7.749333333333334e-17,3.222555555555556e-18
59112.39,7.77e-17,1.18e-18,7.694000000000001e-17,3.3793333333333337e-18
59113.34,7.61e-17,1.93e-18,7.694e-17,3.537555555555557e-18
59115.33,7.66e-17,1.78e-18,7.664e-17,3.499000000000001e-18
59115.38,7.48e-17,1.49e-18,7.646666666666666e-17,3.582555555555556e-18
59116.36,7.45e-17,1.47e-18,7.623333333333333e-17,3.5803333333333344e-18
59118.28,6.99e-17,2.74e-18,7.569333333333333e-17,3.359722222222223e-18
59118.35,7.19e-17,1.45e-18,7.550333333333333e-17,3.43588888888889e-18
59127.39,8.4e-17,1.18e-17,7.513333333333334e-17,3.309055555555556e-18
59129.27,7.22e-17,2.56e-18,7.452333333333334e-17,2.9750000000000003e-18
59131.44,7.43e-17,5.09e-18,7.392333333333333e-17,2.9664999999999992e-18
59134.33,7.28e-17,2.26e-18,7.367e-17,2.9704444444444436e-18
59136.33,7.33e-17,1.57e-18,7.368000000000001e-17,2.7162777777777766e-18
59138.32,6.73e-17,1.85e-18,7.351666666666667e-17,2.627333333333332e-18
59140.25,7.32e-17,1.24e-18,7.338333333333333e-17,2.55561111111111e-18
59144.24,6.67e-17,1.36e-18,7.327333333333332e-17,2.5646666666666653e-18
59149.21,7.97e-17,7.49e-18,7.334999999999999e-17,2.74661111111111e-18
59158.21,7.46e-17,3.17e-18,7.314333333333333e-17,2.7294444444444435e-18
59164.28,7.59e-17,2.9e-18,7.306666666666667e-17,2.800388888888888e-18
59167.22,7.32e-17,2.05e-18,7.279333333333332e-17,2.8788888888888885e-18
59169.3,7.17e-17,2.47e-18,7.252166666666666e-17,2.9499444444444444e-18
59174.28,7.71e-17,3.01e-18,7.220833333333333e-17,3.068888888888889e-18
59182.36,7.55e-17,9.08e-18,7.231166666666666e-17,2.9620555555555558e-18
59184.28,7.15e-17,6.53e-18,7.204833333333333e-17,3.051222222222222e-18
59186.27,6.65e-17,9.61e-18,7.145499999999998e-17,2.8879444444444447e-18
59188.25,6.89e-17,3.78e-18,7.1415e-17,2.843111111111111e-18
59190.15,6.73e-17,3.39e-18,7.145166666666666e-17,3.006722222222222e-18
59193.22,7.04e-17,3.22e-18,7.105833333333333e-17,3.2843703703703703e-18
59195.2,7.17e-17,1.58e-18,7.1185e-17,3.5014999999999994e-18
59197.21,7.3e-17,8.33e-18,7.117166666666667e-17,3.402407407407407e-18
59199.14,7.82e-17,4.86e-18,7.114833333333333e-17,3.4737777777777766e-18
59202.27,7.15e-17,3.12e-18,7.1255e-17,3.2573518518518515e-18
59204.19,7.38e-17,2.98e-18,7.083166666666666e-17,3.1298703703703693e-18
59210.16,6.84e-17,7.57e-18,7.0795e-17,3.210018518518517e-18
59216.11,6.665e-17,4.475e-18,7.044833333333334e-17,3.2557592592592582e-18
59219.17,6.51e-17,1.94e-18,7.040166666666667e-17,3.3139074074074057e-18
59220.12,7.3e-17,2.135e-18,7.041166666666667e-17,3.3316111111111098e-18
59221.12,6.4e-17,9.24e-18,7.027833333333333e-17,3.226944444444443e-18
59223.11,6.62e-17,2.48e-18,7.016833333333333e-17,3.1434166666666654e-18
59224.12,7.1e-17,2.13e-18,7.002166666666666e-17,3.268277777777777e-18
59226.11,7.54e-17,2.66e-18,7.0115e-17,3.1749537037037028e-18
59228.11,6.1e-17,5.58e-18,7.019944444444445e-17,3.0933888888888884e-18
59230.12,7.71e-17,2.48e-18,7.020611111111111e-17,3.076175925925926e-18
59232.16,6.69e-17,2.23e-18,7.014388888888888e-17,3.1510740740740734e-18
59250.15,7.25e-17,4.7e-18,7.017555555555555e-17,3.1838425925925923e-18
59252.16,6.99e-17,3.22e-18,6.998055555555556e-17,3.253518518518518e-18
59254.16,6.7e-17,3.29e-18,6.952555555555556e-17,3.2271944444444434e-18
59256.15,7.35e-17,3.34e-18,6.96388888888889e-17,3.3608518518518506e-18
59260.16,6.55e-17,8.61e-18,6.970555555555555e-17,3.4331203703703684e-18
59264.16,7.18e-17,6.63e-18,6.96488888888889e-17,3.473074074074072e-18
59267.12,7.2e-17,6.196666666666667e-18,7.064722222222222e-17,4.221453703703701e-18
59267.13,7.31e-17,4.91e-18,7.134833333333333e-17,4.57472222222222e-18
59268.12,7.220000000000001e-17,5.283333333333334e-18,7.151750000000001e-17,4.755379629629627e-18
59268.13,6.71e-17,5.49e-18,7.139416666666667e-17,4.863166666666665e-18
59269.12,6.93e-17,5.035e-18,7.145527777777778e-17,4.777509259259257e-18
59269.13,7.143333333333333e-17,5.093333333333333e-18,7.136527777777777e-17,4.775574074074073e-18
59270.12,6.75e-17,6.345e-18,7.113527777777778e-17,4.621194444444442e-18
59270.13,6.853333333333334e-17,6.99e-18,7.14386111111111e-17,4.3534074074074055e-18
59271.12,7.265000000000001e-17,8.035000000000001e-18,7.115194444444445e-17,4.131305555555554e-18
59271.13,6.714999999999999e-17,8.325e-18,7.106861111111111e-17,4.1543888888888876e-18
59275.11,6.455000000000001e-17,6.86e-18,7.081194444444444e-17,4.181398148148146e-18
59275.12,7.49e-17,7.073333333333333e-18,7.064527777777778e-17,4.281703703703703e-18
59276.11,7.58e-17,6.51e-18,7.066361111111112e-17,4.208564814814813e-18
59276.12,6.67e-17,5.535e-18,7.029361111111111e-17,4.248685185185184e-18
59278.12,8.613333333333334e-17,1.0786666666666666e-17,7.023361111111112e-17,4.108925925925924e-18
59279.12,7.8075e-17,9.955e-18,7.006694444444444e-17,4.1212314814814796e-18
59280.11,6.03e-17,7.27e-18,6.981194444444445e-17,4.095166666666666e-18
59280.12,6.803333333333333e-17,5.766666666666666e-18,6.943194444444443e-17,4.1813425925925914e-18
59410.43,6.83e-17,2.71e-18,6.922027777777777e-17,4.150462962962961e-18
59414.46,6.85e-17,1.56e-18,6.915361111111112e-17,4.189064814814813e-18
59427.45,7.01e-17,2.79e-18,6.893416666666666e-17,4.2270185185185176e-18
59429.46,6.85e-17,1.6e-18,6.873083333333334e-17,4.1732314814814805e-18
59434.48,6.44e-17,6.66e-19,6.83363888888889e-17,4.287999999999999e-18
59442.44,6.48e-17,1.78e-18,6.793472222222222e-17,4.314342592592592e-18
59444.47,6.49e-17,1.08e-18,6.798972222222223e-17,4.386444444444444e-18
59449.38,6.755000000000001e-17,9.895e-18,6.788138888888889e-17,4.223379629629629e-18
59454.43,6.24e-17,3.15e-18,6.746472222222222e-17,4.090333333333333e-18
59458.36,6.72e-17,1.95e-18,6.673472222222223e-17,4.2050092592592596e-18
59458.37,6.83e-17,2.01e-18,6.660138888888889e-17,4.0857777777777784e-18
59459.38,6.7e-17,3.82e-19,6.527805555555555e-17,3.3862314814814823e-18
59460.34,6.545000000000001e-17,1.89e-18,6.448027777777778e-17,2.8612407407407413e-18
59461.39,6.08e-17,8.92e-19,6.406777777777777e-17,2.732416666666667e-18
59462.41,6.075e-17,1.44e-18,6.411777777777778e-17,2.434296296296297e-18
59463.4,6.73e-17,1.57e-18,6.398666666666668e-17,2.4862870370370374e-18
59464.41,6.485000000000001e-17,1.39e-18,6.364333333333333e-17,2.5583888888888893e-18
59466.38,6.14e-17,1.14e-18,6.342166666666667e-17,2.565824074074074e-18
59468.39,5.67e-17,8.85e-19,6.304833333333335e-17,2.582685185185185e-18
59470.4,6.06e-17,1.28e-18,6.288833333333333e-17,2.6844351851851853e-18
59472.4,6.88e-17,1.62e-18,6.271833333333334e-17,2.597333333333333e-18
59474.33,6.13e-17,3.17e-18,6.267000000000002e-17,2.5865092592592593e-18
59476.42,6.24e-17,4.24e-18,6.266333333333333e-17,2.6365185185185186e-18
59476.43,5.39e-17,4.26e-18,6.247666666666667e-17,2.693138888888889e-18
59477.28,6.27e-17,5.32e-18,6.268333333333334e-17,2.8175370370370367e-18
59478.28,5.69e-17,8.689999999999999e-18,6.216333333333333e-17,3.0779722222222225e-18
59484.32,6.22e-17,2.64e-18,6.205e-17,3.190074074074075e-18
59486.29,6.57e-17,2.94e-18,6.155666666666667e-17,3.39650925925926e-18
59487.34,6.18e-17,2.48e-18,6.123166666666666e-17,3.508462962962963e-18
59488.35,6.41e-17,2.035e-18,6.114166666666667e-17,3.4588703703703716e-18
59489.41,5.8e-17,1.86e-18,6.108333333333334e-17,3.362722222222223e-18
59490.3,6.185e-17,2.58e-18,6.097333333333333e-17,3.4037222222222236e-18
59491.23,5.89e-17,2.95e-18,6.057166666666667e-17,3.587166666666668e-18
59497.43,6.37e-17,3.23e-18,6.041666666666667e-17,3.6104259259259264e-18
59498.32,5.93e-17,1.49e-18,6.062333333333334e-17,3.509833333333334e-18
59502.37,6.335e-17,2.745e-18,6.053999999999999e-17,3.474092592592593e-18
59503.3,6.47e-17,4.1e-18,6.010999999999999e-17,3.3880185185185184e-18
59504.32,6.195e-17,4.8899999999999994e-18,5.992000000000001e-17,3.458055555555555e-18
59505.3,6.86e-17,5.65e-18,5.980333333333334e-17,3.4564629629629624e-18
59509.26,5.16e-17,4.74e-18,5.987833333333334e-17,3.245888888888888e-18
59511.28,6.49e-17,7.87e-18,5.983833333333333e-17,3.3605740740740733e-18
59512.28,5.22e-17,2.4e-18,6.0115e-17,3.4178148148148143e-18
59517.28,5.57e-17,1.36e-18,6.002833333333334e-17,3.4666111111111102e-18
59518.31,5.81e-17,2.68e-19,5.988000000000001e-17,3.4414074074074068e-18
59520.27,5.9e-17,1.27e-18,5.948333333333333e-17,3.690555555555555e-18
59522.31,6.4e-17,1.29e-18,5.945666666666667e-17,3.77662962962963e-18
59523.23,5.28e-17,1.23e-18,5.951e-17,3.7334259259259265e-18
59524.24,5.675000000000001e-17,1.2135000000000001e-18,5.946944444444445e-17,3.8065555555555566e-18
59526.26,6.29e-17,1.44e-18,5.956944444444445e-17,3.8895185185185184e-18
59529.21,5.81e-17,2.23e-18,5.931611111111111e-17,3.8391111111111115e-18
59530.24,5.59e-17,2.84e-18,5.939944444444444e-17,3.928518518518519e-18
59531.25,5.56e-17,3.39e-18,5.907111111111112e-17,3.989222222222223e-18
59532.13,5.89e-17,3.72e-18,5.868444444444445e-17,4.0110370370370366e-18
59537.35,5.615000000000001e-17,2.6599999999999997e-18,5.840944444444445e-17,4.108407407407408e-18
59538.26,6.15e-17,4.49e-18,5.804277777777778e-17,3.857555555555556e-18
59540.22,6.52e-17,4.38e-18,5.821944444444445e-17,3.656037037037037e-18
59542.18,5.96e-17,2.41e-18,5.798611111111112e-17,3.530740740740741e-18
59550.16,6.125000000000001e-17,1.7650000000000002e-18,5.786277777777778e-17,3.625555555555556e-18
59622.18,4.99e-17,9.36e-18,5.794277777777779e-17,3.528592592592593e-18
59624.16,6.33e-17,5.9e-18,5.775944444444444e-17,3.7076296296296296e-18
59628.14,5.96e-17,5.07e-18,5.781277777777777e-17,3.7012592592592595e-18
59631.12,6.063333333333334e-17,1.1193333333333334e-17,5.756277777777778e-17,3.686185185185185e-18
59631.13,6.19e-17,1.11e-17,5.773944444444445e-17,3.549888888888888e-18
59774.43,5.61e-17,5.66e-18,5.787111111111112e-17,3.473685185185185e-18
59774.46,6.18e-17,4.52e-18,5.779444444444445e-17,3.392e-18
59778.43,5.35e-17,6.12e-18,5.813111111111112e-17,3.554462962962964e-18
59778.45,5.31e-17,5.25e-18,5.834444444444444e-17,3.4420370370370375e-18
59782.42,5.37e-17,7.56e-18,5.865111111111111e-17,3.3846666666666675e-18
59785.46,5.76e-17,1.58e-18,5.887111111111111e-17,3.423703703703705e-18
59787.43,5.69e-17,1.73e-18,5.913277777777779e-17,3.3720555555555563e-18
59800.46,5.79e-17,1.33e-18,5.920277777777778e-17,3.3097037037037043e-18
59803.4,4.85e-17,5.51e-18,5.925944444444445e-17,3.1101296296296306e-18
59809.47,5.81e-17,3.16e-18,5.951944444444444e-17,3.0826666666666682e-18
59812.41,5.26e-17,1.25e-18,5.975111111111112e-17,2.9937592592592603e-18
59814.41,6.06e-17,8.06e-19,6.030777777777778e-17,2.7836666666666673e-18
59816.46,5.65e-17,1.66e-18,6.05911111111111e-17,2.681870370370372e-18
59821.47,5.81e-17,1.19e-18,6.072111111111112e-17,2.8391851851851864e-18
59824.38,6.07e-17,1.26e-18,6.113333333333333e-17,2.8109444444444458e-18
59828.45,6.06e-17,1.79e-18,6.148e-17,2.6914814814814826e-18
59843.4,6.82e-17,1.84e-18,6.211e-17,2.723444444444445e-18
59846.41,6.23e-17,1.35e-18,6.242666666666666e-17,2.6410370370370377e-18
59848.35,6.48e-17,1.5e-18,6.305e-17,2.5198888888888894e-18
59850.34,6.55e-17,1.68e-18,6.411333333333333e-17,2.717740740740742e-18
59852.32,6.4e-17,1.5e-18,6.471e-17,2.6611481481481494e-18
59854.34,6.36e-17,1.73e-18,6.518666666666667e-17,2.733444444444446e-18
59856.34,6.69e-17,2.48e-18,6.590666666666666e-17,2.7221296296296312e-18
59858.32,6.74e-17,4.05e-18,6.661e-17,2.7191481481481494e-18
59860.41,6.82e-17,6.4e-18,6.748e-17,2.4976111111111125e-18
59864.33,6.66e-17,6.42e-18,6.834e-17,2.6209629629629644e-18
59866.34,7.18e-17,3.7e-18,6.931333333333332e-17,2.474592592592593e-18
59869.32,6.35e-17,2.11e-18,7.000666666666667e-17,2.5312962962962968e-18
59871.3,7.3e-17,2.95e-18,7.077666666666666e-17,2.398481481481483e-18
59873.32,7.23e-17,5.5e-18,7.172333333333335e-17,2.532111111111112e-18
59876.32,7.5e-17,4.24e-18,7.227000000000001e-17,2.6078888888888904e-18
59880.22,7.13e-17,2.12e-18,7.283333333333333e-17,2.6560000000000015e-18
59882.24,7.22e-17,2.22e-18,7.319666666666667e-17,2.4755555555555565e-18
59896.29,7.16e-17,3.05e-18,7.485333333333334e-17,2.973333333333334e-18
59898.26,7.19e-17,2.23e-18,7.534e-17,2.950222222222223e-18
59900.25,7.85e-17,4.04e-18,7.660666666666666e-17,3.680111111111112e-18
59902.2,7.9e-17,3.4e-18,7.778666666666668e-17,4.2821111111111114e-18
59904.19,7.46e-17,2.99e-18,7.871333333333334e-17,4.761444444444445e-18
59906.23,8.39e-17,2.63e-18,7.878000000000001e-17,5.0603333333333334e-18
59910.17,8.18e-17,3.12e-18,7.904e-17,5.140444444444445e-18
59913.23,8.14e-17,2.76e-18,7.940666666666668e-17,5.118111111111111e-18
59928.17,7.96e-17,2.62e-18,7.949333333333334e-17,5.165666666666666e-18
59932.19,8.65e-17,1.89e-18,7.987e-17,5.051666666666666e-18
59934.24,7.71e-17,2.64e-18,7.980666666666667e-17,5.2009999999999995e-18
59936.22,7.75e-17,2.08e-18,7.982333333333333e-17,5.335555555555556e-18
59951.24,7.91e-17,7.69e-18,7.977666666666667e-17,5.365888888888889e-18
59958.15,8.1e-17,2.33e-18,7.997666666666666e-17,5.3182222222222225e-18
59969.14,9.58e-17,4.09e-18,8.001333333333334e-17,5.4057777777777776e-18
59980.11,8.01e-17,3.83e-18,7.940666666666667e-17,5.359888888888889e-18
59984.12,9.9e-17,5.44e-18,7.935333333333333e-17,5.458111111111112e-18
59991.17,9.47e-17,8.41e-18,7.932666666666667e-17,5.488888888888889e-18
60133.41,6.94e-17,5.4e-18,7.915666666666668e-17,5.453555555555556e-18
60139.39,7.6e-17,3.48e-18,7.912333333333333e-17,5.326888888888888e-18
60144.39,7.76e-17,2.19e-18,7.866999999999999e-17,5.260222222222222e-18
60146.4,7.44e-17,2.56e-18,7.831333333333333e-17,5.2405555555555545e-18
60146.46,7.48e-17,2.06e-18,7.788666666666667e-17,5.331444444444443e-18
60149.42,7.11e-17,1.73e-18,7.780333333333334e-17,5.461555555555554e-18
60151.41,7.28e-17,2.18e-18,7.741333333333333e-17,5.300444444444443e-18
60153.46,7.36e-17,1.42e-18,7.724e-17,5.2526666666666655e-18
