mjd	ab_mag	ab_mag_err	flux_dens	flux_dens_err
58247.47	12.44	nan	2.86e-14	nan
58254.48	18.84	0.03	7.85e-17	2.52e-18
58254.48	12.46	nan	2.80e-14	nan
58257.42	12.35	nan	3.11e-14	nan
58257.42	18.81	0.04	8.07e-17	3.04e-18
58257.46	12.40	nan	2.97e-14	nan
58257.46	18.83	0.03	7.97e-17	1.87e-18
58266.38	18.89	0.11	7.53e-17	7.75e-18
58266.38	12.34	nan	3.13e-14	nan
58275.42	18.89	0.05	7.54e-17	3.19e-18
58275.42	12.47	nan	2.77e-14	nan
58278.46	18.81	0.02	8.07e-17	1.85e-18
58278.46	12.46	nan	2.80e-14	nan
58281.48	18.82	0.05	8.04e-17	3.34e-18
58281.48	12.49	nan	2.73e-14	nan
58287.46	18.83	0.03	7.96e-17	1.85e-18
58287.46	12.50	nan	2.71e-14	nan
58290.46	12.47	nan	2.78e-14	nan
58290.46	18.80	0.02	8.18e-17	1.85e-18
58293.48	18.92	0.05	7.32e-17	3.06e-18
58293.48	12.49	nan	2.74e-14	nan
58297.42	18.79	0.08	8.22e-17	6.08e-18
58297.42	12.46	nan	2.81e-14	nan
58301.43	12.44	nan	2.87e-14	nan
58301.43	18.81	0.12	8.07e-17	9.07e-18
58302.40	12.45	nan	2.83e-14	nan
58302.40	18.95	0.12	7.15e-17	8.21e-18
58305.40	12.30	nan	3.26e-14	nan
58305.40	18.82	0.07	8.03e-17	4.85e-18
58314.42	12.35	nan	3.12e-14	nan
58314.42	18.83	0.02	7.92e-17	1.80e-18
58317.42	12.27	nan	3.35e-14	nan
58317.42	18.82	0.03	8.02e-17	1.88e-18
58320.38	12.43	nan	2.88e-14	nan
58320.38	18.81	0.02	8.13e-17	1.49e-18
58323.46	18.82	0.02	8.00e-17	1.79e-18
58323.46	12.45	nan	2.83e-14	nan
58326.38	12.39	nan	2.99e-14	nan
58326.38	19.02	0.16	6.66e-17	9.87e-18
58329.36	18.79	0.12	8.25e-17	9.23e-18
58329.36	12.44	nan	2.86e-14	nan
58338.33	18.84	0.02	7.86e-17	1.73e-18
58338.33	12.45	nan	2.84e-14	nan
58348.33	18.77	0.02	8.42e-17	1.34e-18
58348.33	12.43	nan	2.89e-14	nan
58351.36	18.79	0.03	8.26e-17	2.53e-18
58351.36	12.46	nan	2.80e-14	nan
58357.21	18.96	0.13	7.08e-17	8.64e-18
58357.21	12.49	nan	2.73e-14	nan
58357.31	12.52	nan	2.65e-14	nan
58357.31	18.89	0.09	7.51e-17	6.50e-18
58360.29	18.83	0.04	7.93e-17	2.88e-18
58360.29	12.49	nan	2.74e-14	nan
58362.38	18.76	0.03	8.51e-17	2.52e-18
58363.29	12.46	nan	2.82e-14	nan
58363.29	18.88	0.04	7.62e-17	2.71e-18
58366.32	12.47	nan	2.78e-14	nan
58366.32	18.82	0.02	8.03e-17	1.32e-18
58369.36	18.80	0.04	8.17e-17	2.84e-18
58369.36	12.43	nan	2.88e-14	nan
58372.30	12.49	nan	2.72e-14	nan
58372.30	18.87	0.03	7.68e-17	1.81e-18
58375.19	18.89	0.03	7.56e-17	2.28e-18
58375.19	12.49	nan	2.73e-14	nan
58378.25	18.88	0.03	7.58e-17	2.21e-18
58378.25	12.48	nan	2.76e-14	nan
58384.19	12.46	nan	2.82e-14	nan
58384.19	18.85	0.11	7.81e-17	7.62e-18
58423.13	18.86	0.07	7.72e-17	4.94e-18
58423.13	12.23	nan	3.49e-14	nan
58426.11	11.10	nan	9.80e-14	nan
58426.11	18.59	0.18	9.90e-17	1.63e-17
58432.08	18.98	0.08	6.96e-17	4.93e-18
58432.08	12.47	nan	2.79e-14	nan
58435.07	12.46	nan	2.81e-14	nan
58435.07	18.95	0.14	7.12e-17	8.93e-18
58443.08	18.83	0.05	7.98e-17	3.84e-18
58443.10	12.48	nan	2.75e-14	nan
58443.10	18.73	0.07	8.75e-17	5.38e-18
58482.08	12.32	nan	3.19e-14	nan
58482.08	18.89	0.18	7.51e-17	1.21e-17
58482.08	19.17	0.20	5.79e-17	1.05e-17
58482.08	12.24	nan	3.43e-14	nan
58482.09	12.19	nan	3.61e-14	nan
58482.09	18.89	0.14	7.56e-17	9.73e-18
58482.09	12.22	nan	3.49e-14	nan
58482.09	18.91	0.15	7.39e-17	1.01e-17
58483.08	12.43	nan	2.89e-14	nan
58483.08	18.90	0.13	7.44e-17	8.84e-18
58483.08	18.87	0.07	7.69e-17	5.17e-18
58483.08	12.42	nan	2.91e-14	nan
58483.09	18.84	0.07	7.89e-17	5.08e-18
58483.09	12.41	nan	2.94e-14	nan
58483.09	18.83	0.06	7.93e-17	4.12e-18
58483.09	12.41	nan	2.95e-14	nan
58486.08	12.42	nan	2.91e-14	nan
58486.08	18.85	0.12	7.79e-17	8.63e-18
58486.08	12.42	nan	2.91e-14	nan
58486.08	18.97	0.11	7.01e-17	6.82e-18
58486.09	18.88	0.09	7.58e-17	6.20e-18
58486.09	12.41	nan	2.94e-14	nan
58486.09	12.40	nan	2.98e-14	nan
58486.09	18.89	0.09	7.56e-17	6.10e-18
58487.08	12.45	nan	2.84e-14	nan
58487.08	18.52	0.11	1.06e-16	1.11e-17
58487.08	19.03	0.11	6.60e-17	6.46e-18
58487.08	12.43	nan	2.89e-14	nan
58487.09	18.96	0.09	7.03e-17	5.86e-18
58487.09	12.42	nan	2.93e-14	nan
58487.09	12.40	nan	2.96e-14	nan
58487.09	18.87	0.08	7.68e-17	5.52e-18
58488.08	12.14	nan	3.76e-14	nan
58488.08	18.78	0.14	8.32e-17	1.10e-17
58488.08	18.93	0.10	7.27e-17	6.38e-18
58488.08	12.41	nan	2.95e-14	nan
58488.09	10.12	nan	2.42e-13	nan
58488.09	17.89	nan	1.88e-16	nan
58488.09	16.18	nan	9.17e-16	nan
58640.46	18.86	0.03	7.73e-17	1.82e-18
58640.46	12.40	nan	2.97e-14	nan
58643.48	12.42	nan	2.91e-14	nan
58643.48	18.92	0.05	7.33e-17	3.23e-18
58646.46	18.85	0.02	7.83e-17	1.44e-18
58646.46	12.40	nan	2.97e-14	nan
58652.44	18.93	0.10	7.25e-17	6.73e-18
58652.44	12.38	nan	3.02e-14	nan
58657.42	12.40	nan	2.96e-14	nan
58657.42	18.85	0.06	7.81e-17	4.58e-18
58660.46	12.19	nan	3.59e-14	nan
58660.46	18.95	0.05	7.15e-17	3.18e-18
58663.42	12.21	nan	3.53e-14	nan
58663.42	18.86	0.04	7.75e-17	3.02e-18
58675.46	18.91	0.02	7.37e-17	1.18e-18
58675.46	12.41	nan	2.93e-14	nan
58678.48	12.42	nan	2.92e-14	nan
58678.48	18.84	0.03	7.86e-17	1.98e-18
58681.40	18.87	0.11	7.64e-17	7.47e-18
58681.40	12.45	nan	2.85e-14	nan
58685.39	12.41	nan	2.93e-14	nan
58685.39	18.92	0.06	7.29e-17	3.73e-18
58690.37	18.87	0.03	7.66e-17	2.00e-18
58690.37	12.35	nan	3.12e-14	nan
58693.36	18.84	0.03	7.88e-17	2.21e-18
58693.36	12.36	nan	3.09e-14	nan
58696.36	18.89	0.02	7.50e-17	1.55e-18
58696.36	12.41	nan	2.93e-14	nan
58699.37	18.91	0.03	7.37e-17	1.86e-18
58699.37	12.37	nan	3.05e-14	nan
58702.38	18.91	0.04	7.37e-17	2.90e-18
58702.38	12.03	nan	4.16e-14	nan
58705.17	12.27	nan	3.35e-14	nan
58705.17	18.82	0.08	8.01e-17	6.24e-18
58715.32	18.96	0.04	7.08e-17	2.49e-18
58715.32	12.43	nan	2.89e-14	nan
58718.33	12.42	nan	2.92e-14	nan
58718.33	18.89	0.03	7.55e-17	2.33e-18
58721.31	18.26	nan	1.35e-16	nan
58721.31	10.52	nan	1.68e-13	nan
58724.37	18.83	0.04	7.95e-17	3.15e-18
58724.37	12.40	nan	2.98e-14	nan
58736.37	18.91	0.11	7.36e-17	7.73e-18
58736.37	12.40	nan	2.96e-14	nan
58740.35	12.35	nan	3.12e-14	nan
58740.35	19.83	nan	3.17e-17	nan
58744.36	12.33	nan	3.16e-14	nan
58744.36	18.89	0.07	7.52e-17	5.07e-18
58750.25	18.91	0.05	7.38e-17	3.51e-18
58750.25	12.33	nan	3.18e-14	nan
58754.21	12.39	nan	3.01e-14	nan
58754.21	18.94	0.03	7.20e-17	2.20e-18
58760.27	12.37	nan	3.04e-14	nan
58760.27	18.86	0.04	7.75e-17	3.19e-18
58766.12	12.38	nan	3.02e-14	nan
58766.12	18.87	0.14	7.69e-17	9.98e-18
58769.12	18.92	0.10	7.33e-17	6.59e-18
58769.12	12.37	nan	3.05e-14	nan
58773.19	11.82	nan	5.09e-14	nan
58773.19	18.53	0.10	1.05e-16	9.88e-18
58773.28	18.77	0.08	8.45e-17	6.09e-18
58773.28	18.85	0.07	7.82e-17	5.15e-18
58776.19	18.89	0.04	7.52e-17	2.87e-18
58776.19	12.38	nan	3.02e-14	nan
58781.10	12.39	nan	3.00e-14	nan
58781.10	18.79	0.06	8.23e-17	4.57e-18
58785.09	18.91	0.05	7.36e-17	3.44e-18
58785.09	12.40	nan	2.98e-14	nan
58789.21	18.81	0.07	8.07e-17	4.86e-18
58789.21	12.36	nan	3.08e-14	nan
58794.11	18.85	0.09	7.81e-17	6.75e-18
58794.11	12.37	nan	3.06e-14	nan
58801.07	18.86	0.05	7.76e-17	3.37e-18
58801.07	12.39	nan	3.00e-14	nan
58813.08	12.39	nan	3.01e-14	nan
58846.08	12.49	nan	2.75e-14	nan
58846.08	18.85	0.14	7.84e-17	9.75e-18
58846.08	19.22	0.13	5.58e-17	6.50e-18
58846.08	12.48	nan	2.77e-14	nan
58846.09	12.47	nan	2.77e-14	nan
58846.09	18.82	0.07	8.04e-17	5.06e-18
58846.09	12.46	nan	2.81e-14	nan
58846.09	18.93	0.07	7.27e-17	4.83e-18
58852.08	12.30	nan	3.26e-14	nan
58852.08	19.29	nan	5.19e-17	nan
58852.08	18.99	0.15	6.88e-17	9.63e-18
58852.08	12.29	nan	3.28e-14	nan
58852.09	19.28	0.16	5.24e-17	7.90e-18
58852.09	12.27	nan	3.35e-14	nan
58852.09	12.38	nan	3.04e-14	nan
58852.09	18.88	0.09	7.63e-17	6.00e-18
58979.46	18.93	0.11	7.24e-17	7.20e-18
58979.46	12.39	nan	3.01e-14	nan
58987.49	18.86	0.04	7.74e-17	2.88e-18
58987.49	12.51	nan	2.68e-14	nan
58996.46	12.49	nan	2.74e-14	nan
58996.46	18.88	0.03	7.63e-17	1.86e-18
58999.46	18.87	0.03	7.69e-17	2.20e-18
58999.46	12.39	nan	3.00e-14	nan
59002.46	18.84	0.05	7.89e-17	3.54e-18
59002.46	12.20	nan	3.59e-14	nan
59014.48	12.56	nan	2.55e-14	nan
59014.48	18.84	0.05	7.89e-17	3.33e-18
59020.47	18.91	0.02	7.41e-17	1.48e-18
59020.47	12.53	nan	2.64e-14	nan
59026.46	12.56	nan	2.56e-14	nan
59026.46	18.91	0.02	7.40e-17	1.24e-18
59030.46	18.83	0.03	7.99e-17	2.44e-18
59030.46	12.50	nan	2.72e-14	nan
59036.37	12.57	nan	2.55e-14	nan
59036.37	18.78	0.08	8.34e-17	6.43e-18
59042.39	18.85	0.04	7.78e-17	2.76e-18
59042.39	12.48	nan	2.76e-14	nan
59045.36	18.91	0.02	7.41e-17	1.39e-18
59045.36	12.54	nan	2.60e-14	nan
59051.38	12.52	nan	2.66e-14	nan
59051.38	18.90	0.02	7.44e-17	1.65e-18
59051.42	18.86	0.02	7.74e-17	1.45e-18
59054.36	12.55	nan	2.60e-14	nan
59054.36	18.88	0.02	7.57e-17	1.44e-18
59057.37	12.53	nan	2.63e-14	nan
59057.37	18.93	0.02	7.29e-17	1.33e-18
59061.35	18.90	0.04	7.48e-17	2.80e-18
59061.35	12.54	nan	2.61e-14	nan
59061.35	18.89	0.05	7.49e-17	3.50e-18
59063.33	18.75	0.07	8.60e-17	5.88e-18
59063.33	12.55	nan	2.58e-14	nan
59067.31	18.90	0.06	7.45e-17	3.97e-18
59067.31	12.58	nan	2.52e-14	nan
59072.32	18.83	0.03	7.92e-17	2.06e-18
59072.32	12.51	nan	2.67e-14	nan
59076.33	18.44	0.19	1.14e-16	2.00e-17
59076.33	10.23	nan	2.20e-13	nan
59079.31	18.91	0.02	7.36e-17	1.66e-18
59079.31	12.44	nan	2.86e-14	nan
59079.37	12.43	nan	2.89e-14	nan
59079.37	18.82	0.03	8.02e-17	2.09e-18
59079.37	12.42	nan	2.90e-14	nan
59079.37	18.82	0.03	8.02e-17	2.33e-18
59079.37	12.42	nan	2.90e-14	nan
59079.37	18.79	0.03	8.24e-17	2.03e-18
59079.37	12.42	nan	2.91e-14	nan
59079.37	18.84	0.03	7.86e-17	1.93e-18
59080.37	18.83	0.04	7.94e-17	2.66e-18
59080.37	18.85	0.04	7.80e-17	2.65e-18
59082.27	18.87	0.03	7.68e-17	2.37e-18
59082.27	12.30	nan	3.27e-14	nan
59086.31	18.84	0.03	7.91e-17	2.22e-18
59086.31	12.48	nan	2.76e-14	nan
59087.28	18.86	0.03	7.73e-17	2.46e-18
59095.37	12.46	nan	2.80e-14	nan
59095.37	18.69	0.12	9.03e-17	1.00e-17
59096.37	18.57	0.08	1.01e-16	7.63e-18
59096.37	18.79	0.07	8.22e-17	5.41e-18
59096.37	12.48	nan	2.76e-14	nan
59096.37	18.70	0.08	9.01e-17	6.44e-18
59097.27	18.88	0.07	7.57e-17	4.95e-18
59097.27	12.50	nan	2.70e-14	nan
59098.30	12.50	nan	2.71e-14	nan
59098.30	18.82	0.05	8.05e-17	3.83e-18
59098.30	18.87	0.05	7.66e-17	3.74e-18
59098.30	12.51	nan	2.70e-14	nan
59099.21	12.44	nan	2.86e-14	nan
59099.21	18.83	0.03	7.98e-17	2.44e-18
59099.34	18.98	0.06	6.94e-17	3.94e-18
59099.34	18.79	0.04	8.24e-17	3.39e-18
59106.21	11.99	nan	4.34e-14	nan
59106.21	18.89	0.06	7.50e-17	4.20e-18
59114.28	12.40	nan	2.96e-14	nan
59114.28	18.86	0.03	7.76e-17	1.82e-18
59114.28	12.41	nan	2.94e-14	nan
59114.28	18.82	0.03	8.00e-17	1.86e-18
59123.27	18.74	0.14	8.61e-17	1.08e-17
59123.27	12.44	nan	2.85e-14	nan
59124.23	12.50	nan	2.71e-14	nan
59124.23	18.82	0.09	8.06e-17	6.91e-18
59125.25	18.77	0.06	8.38e-17	4.40e-18
59125.25	12.52	nan	2.66e-14	nan
59125.27	18.91	0.06	7.40e-17	4.32e-18
59125.27	12.52	nan	2.67e-14	nan
59127.27	10.23	nan	2.19e-13	nan
59127.27	10.43	nan	1.83e-13	nan
59129.19	18.82	0.03	8.05e-17	2.35e-18
59129.19	12.46	nan	2.81e-14	nan
59129.20	18.89	0.03	7.55e-17	2.41e-18
59129.20	12.48	nan	2.75e-14	nan
59130.21	18.86	0.02	7.76e-17	1.46e-18
59130.21	12.53	nan	2.63e-14	nan
59134.19	12.52	nan	2.66e-14	nan
59134.19	18.87	0.03	7.64e-17	2.06e-18
59135.27	12.47	nan	2.78e-14	nan
59135.27	18.83	0.03	7.97e-17	2.56e-18
59136.17	12.53	nan	2.64e-14	nan
59136.17	18.86	0.03	7.75e-17	2.15e-18
59136.17	12.54	nan	2.60e-14	nan
59136.17	18.84	0.03	7.90e-17	2.35e-18
59137.18	12.52	nan	2.66e-14	nan
59137.18	18.90	0.03	7.43e-17	1.96e-18
59138.12	18.84	0.03	7.90e-17	2.08e-18
59138.12	12.41	nan	2.94e-14	nan
59138.12	12.39	nan	2.99e-14	nan
59138.12	18.91	0.03	7.39e-17	2.10e-18
59140.12	18.86	0.03	7.74e-17	1.80e-18
59140.12	12.49	nan	2.74e-14	nan
59140.12	12.50	nan	2.71e-14	nan
59140.12	18.92	0.02	7.33e-17	1.69e-18
59141.15	18.91	0.03	7.38e-17	1.88e-18
59141.15	12.46	nan	2.81e-14	nan
59141.18	18.93	0.03	7.26e-17	2.16e-18
59141.18	18.82	0.04	8.02e-17	2.89e-18
59142.14	12.51	nan	2.67e-14	nan
59142.14	18.85	0.03	7.84e-17	1.87e-18
59142.15	18.88	0.02	7.60e-17	1.66e-18
59142.15	12.52	nan	2.65e-14	nan
59143.13	12.54	nan	2.62e-14	nan
59143.13	18.80	0.02	8.17e-17	1.53e-18
59145.17	18.83	0.04	7.98e-17	2.73e-18
59145.17	18.83	0.03	7.93e-17	2.52e-18
59146.23	18.68	nan	9.10e-17	nan
59146.23	18.73	nan	8.76e-17	nan
59149.12	18.77	0.13	8.37e-17	9.72e-18
59149.12	12.52	nan	2.65e-14	nan
59149.23	19.67	nan	3.68e-17	nan
59149.23	18.64	0.13	9.50e-17	1.17e-17
59150.22	19.03	0.10	6.64e-17	6.36e-18
59150.22	12.56	nan	2.57e-14	nan
59151.11	12.57	nan	2.54e-14	nan
59151.11	18.85	0.06	7.84e-17	4.64e-18
59151.11	12.57	nan	2.53e-14	nan
59151.11	18.85	0.06	7.82e-17	4.44e-18
59153.09	18.97	0.07	7.01e-17	4.22e-18
59153.09	12.56	nan	2.55e-14	nan
59153.17	18.86	0.07	7.71e-17	4.89e-18
59153.17	18.77	0.07	8.42e-17	5.24e-18
59155.10	18.83	0.04	7.93e-17	2.64e-18
59155.10	12.57	nan	2.53e-14	nan
59155.10	12.58	nan	2.52e-14	nan
59155.10	18.79	0.04	8.23e-17	3.17e-18
59158.12	12.56	nan	2.57e-14	nan
59158.12	18.79	0.03	8.27e-17	2.55e-18
59158.13	18.86	0.04	7.75e-17	3.03e-18
59158.13	12.56	nan	2.57e-14	nan
59164.13	12.57	nan	2.54e-14	nan
59164.13	18.83	0.04	7.93e-17	2.99e-18
59164.15	18.80	0.04	8.19e-17	3.23e-18
59164.15	12.56	nan	2.56e-14	nan
59165.10	12.58	nan	2.52e-14	nan
59165.10	18.81	0.03	8.12e-17	1.90e-18
59168.12	12.57	nan	2.55e-14	nan
59168.12	18.79	0.05	8.23e-17	3.44e-18
59169.13	18.81	0.06	8.13e-17	4.17e-18
59169.13	12.57	nan	2.55e-14	nan
59171.10	18.88	0.03	7.58e-17	1.97e-18
59171.10	12.57	nan	2.55e-14	nan
59173.08	18.91	0.04	7.39e-17	2.42e-18
59173.08	12.58	nan	2.52e-14	nan
59178.16	12.51	nan	2.67e-14	nan
59181.12	18.94	0.10	7.22e-17	6.50e-18
59181.12	18.79	0.08	8.24e-17	5.97e-18
59182.09	18.91	0.10	7.38e-17	6.62e-18
59182.09	12.57	nan	2.54e-14	nan
59183.10	18.69	0.11	9.06e-17	8.90e-18
59183.10	18.82	0.09	8.00e-17	6.94e-18
59185.16	18.86	0.10	7.71e-17	7.19e-18
59185.16	12.50	nan	2.71e-14	nan
59186.09	12.53	nan	2.63e-14	nan
59186.09	18.77	0.07	8.40e-17	5.24e-18
59188.09	18.91	0.05	7.39e-17	3.54e-18
59188.09	12.56	nan	2.56e-14	nan
59190.11	18.92	0.06	7.31e-17	4.05e-18
59190.11	12.56	nan	2.55e-14	nan
59192.11	18.72	nan	8.82e-17	nan
59192.11	11.44	nan	7.19e-14	nan
59194.11	18.84	0.06	7.90e-17	4.25e-18
59194.11	12.53	nan	2.63e-14	nan
59195.09	18.77	0.05	8.37e-17	4.06e-18
59195.09	12.55	nan	2.60e-14	nan
59198.12	18.76	0.08	8.49e-17	5.95e-18
59198.12	12.48	nan	2.75e-14	nan
59200.10	18.82	0.11	8.01e-17	8.31e-18
59200.10	12.00	nan	4.28e-14	nan
59203.11	12.50	nan	2.72e-14	nan
59203.11	18.91	0.10	7.42e-17	6.82e-18
59206.07	18.35	nan	1.24e-16	nan
59206.07	11.05	nan	1.03e-13	nan
59206.08	18.57	nan	1.01e-16	nan
59206.08	11.16	nan	9.34e-14	nan
59206.08	10.99	nan	1.09e-13	nan
59206.08	18.41	nan	1.17e-16	nan
59206.08	18.29	nan	1.31e-16	nan
59206.08	10.97	nan	1.11e-13	nan
59206.08	18.17	nan	1.46e-16	nan
59206.08	10.95	nan	1.13e-13	nan
59216.09	18.86	0.11	7.74e-17	8.17e-18
59216.09	12.14	nan	3.78e-14	nan
59216.09	11.95	nan	4.48e-14	nan
59216.09	18.73	0.16	8.72e-17	1.30e-17
59216.10	11.65	nan	5.92e-14	nan
59216.10	19.10	nan	6.23e-17	nan
59216.10	11.74	nan	5.48e-14	nan
59216.10	19.35	nan	4.92e-17	nan
59217.09	11.20	nan	8.98e-14	nan
59217.09	18.60	nan	9.83e-17	nan
59217.09	18.82	nan	8.00e-17	nan
59217.09	11.27	nan	8.42e-14	nan
59217.10	10.92	nan	1.17e-13	nan
59217.10	18.30	nan	1.29e-16	nan
59217.10	10.51	nan	1.69e-13	nan
59217.10	17.73	nan	2.18e-16	nan
59218.08	12.47	nan	2.78e-14	nan
59218.08	18.88	0.18	7.62e-17	1.29e-17
59218.08	12.46	nan	2.80e-14	nan
59218.08	18.98	0.17	6.91e-17	1.11e-17
59218.08	12.44	nan	2.86e-14	nan
59218.08	18.80	0.12	8.17e-17	8.93e-18
59218.09	12.32	nan	3.18e-14	nan
59218.09	18.92	0.14	7.33e-17	9.28e-18
59218.09	18.93	0.10	7.29e-17	6.95e-18
59218.09	12.42	nan	2.92e-14	nan
59339.48	18.77	0.04	8.37e-17	3.34e-18
59339.48	12.45	nan	2.83e-14	nan
59342.45	12.40	nan	2.98e-14	nan
59342.45	18.84	0.03	7.92e-17	2.05e-18
59345.47	12.44	nan	2.87e-14	nan
59345.47	18.82	0.03	8.01e-17	2.17e-18
59348.42	18.78	0.03	8.30e-17	2.09e-18
59348.42	12.36	nan	3.07e-14	nan
59352.43	18.86	0.04	7.71e-17	2.93e-18
59352.43	12.37	nan	3.06e-14	nan
59356.38	12.37	nan	3.04e-14	nan
59356.38	19.03	0.13	6.61e-17	7.66e-18
59362.46	12.54	nan	2.60e-14	nan
59362.46	18.83	0.07	7.96e-17	5.21e-18
59364.44	18.93	0.07	7.28e-17	4.95e-18
59364.44	12.48	nan	2.75e-14	nan
59366.41	18.85	0.06	7.79e-17	4.57e-18
59366.41	12.43	nan	2.89e-14	nan
59369.46	12.50	nan	2.71e-14	nan
59369.46	18.83	0.03	7.96e-17	1.95e-18
59371.46	18.97	0.02	6.97e-17	1.11e-18
59371.46	12.52	nan	2.66e-14	nan
59378.42	12.54	nan	2.61e-14	nan
59378.42	18.82	0.02	8.00e-17	1.64e-18
59381.40	18.85	0.09	7.83e-17	6.59e-18
59381.40	11.67	nan	5.83e-14	nan
59384.36	18.55	0.07	1.03e-16	6.67e-18
59384.36	12.03	nan	4.16e-14	nan
59386.38	12.49	nan	2.72e-14	nan
59386.38	18.85	0.05	7.84e-17	3.86e-18
59390.38	12.54	nan	2.61e-14	nan
59390.38	18.79	0.08	8.24e-17	6.09e-18
59392.42	12.52	nan	2.66e-14	nan
59392.42	18.79	0.09	8.26e-17	6.81e-18
59394.45	12.45	nan	2.83e-14	nan
59394.45	18.81	0.08	8.14e-17	5.65e-18
59401.45	18.84	0.03	7.89e-17	2.54e-18
59401.45	18.86	0.03	7.74e-17	2.02e-18
59402.41	12.51	nan	2.68e-14	nan
59402.41	18.88	0.03	7.58e-17	2.17e-18
59402.41	18.78	0.03	8.33e-17	1.93e-18
59402.41	18.82	0.02	8.03e-17	1.66e-18
59404.44	18.85	0.04	7.82e-17	2.62e-18
59404.44	12.32	nan	3.20e-14	nan
59406.35	18.24	nan	1.36e-16	nan
59406.35	9.85	nan	3.12e-13	nan
59410.41	18.91	0.04	7.37e-17	2.74e-18
59410.41	12.35	nan	3.12e-14	nan
59410.42	18.77	0.02	8.40e-17	1.90e-18
59410.42	18.86	0.03	7.75e-17	2.48e-18
59412.41	12.41	nan	2.94e-14	nan
59412.41	18.83	0.03	7.96e-17	2.50e-18
59412.41	18.77	0.03	8.39e-17	1.99e-18
59412.41	18.91	0.02	7.41e-17	1.64e-18
59415.38	12.44	nan	2.85e-14	nan
59415.38	18.86	0.04	7.75e-17	3.10e-18
59419.33	12.06	nan	4.05e-14	nan
59419.33	18.68	nan	9.14e-17	nan
59422.38	12.50	nan	2.72e-14	nan
59422.38	18.78	0.06	8.36e-17	4.94e-18
59422.38	18.93	0.07	7.26e-17	4.67e-18
59422.38	12.50	nan	2.70e-14	nan
59423.42	18.91	nan	7.42e-17	nan
59423.42	11.28	nan	8.31e-14	nan
59423.45	18.82	0.16	8.00e-17	1.15e-17
59423.45	18.87	0.15	7.70e-17	1.09e-17
59424.37	12.49	nan	2.74e-14	nan
59424.37	18.90	0.05	7.44e-17	3.29e-18
59424.37	12.49	nan	2.74e-14	nan
59424.37	18.84	0.04	7.90e-17	2.90e-18
59424.37	18.88	0.04	7.56e-17	2.89e-18
59424.37	18.84	0.04	7.86e-17	2.79e-18
59425.45	10.65	nan	1.49e-13	nan
59425.45	18.40	nan	1.18e-16	nan
59426.43	18.82	0.04	8.03e-17	2.89e-18
59426.43	18.85	0.03	7.80e-17	2.40e-18
59427.34	18.85	0.03	7.84e-17	2.45e-18
59427.34	12.50	nan	2.70e-14	nan
59427.44	18.79	0.03	8.23e-17	2.42e-18
59427.44	18.80	0.04	8.19e-17	2.83e-18
59428.36	18.86	0.03	7.77e-17	1.86e-18
59428.36	12.49	nan	2.72e-14	nan
59428.36	18.83	0.03	7.94e-17	2.26e-18
59428.36	12.49	nan	2.73e-14	nan
59428.41	18.77	0.02	8.43e-17	1.74e-18
59428.41	18.88	0.02	7.58e-17	1.72e-18
59429.36	12.51	nan	2.68e-14	nan
59429.36	18.79	0.02	8.27e-17	1.81e-18
59429.39	18.86	0.03	7.73e-17	2.18e-18
59429.39	18.81	0.02	8.14e-17	1.63e-18
59430.34	12.50	nan	2.71e-14	nan
59430.34	18.78	0.02	8.31e-17	1.81e-18
59430.34	12.51	nan	2.69e-14	nan
59430.34	18.86	0.02	7.76e-17	1.34e-18
59435.29	18.80	0.02	8.19e-17	1.85e-18
59435.29	18.87	0.02	7.66e-17	1.22e-18
59440.30	12.38	nan	3.04e-14	nan
59440.30	18.86	0.03	7.72e-17	2.45e-18
59440.31	18.79	0.02	8.24e-17	1.72e-18
59442.35	12.43	nan	2.90e-14	nan
59442.35	18.86	0.03	7.76e-17	2.19e-18
59443.36	18.79	0.05	8.28e-17	3.53e-18
59443.36	12.24	nan	3.43e-14	nan
59443.36	12.25	nan	3.41e-14	nan
59443.36	18.88	0.04	7.61e-17	2.48e-18
59443.36	18.85	0.03	7.81e-17	2.32e-18
59443.36	12.25	nan	3.39e-14	nan
59443.36	12.26	nan	3.38e-14	nan
59443.36	18.81	0.03	8.11e-17	2.50e-18
59443.36	12.26	nan	3.39e-14	nan
59443.36	18.86	0.04	7.71e-17	2.57e-18
59443.36	18.87	0.03	7.65e-17	2.37e-18
59443.36	12.25	nan	3.40e-14	nan
59443.36	12.26	nan	3.39e-14	nan
59443.36	18.85	0.04	7.78e-17	2.51e-18
59443.36	12.25	nan	3.40e-14	nan
59443.36	18.80	0.04	8.18e-17	2.73e-18
59443.36	18.80	0.04	8.17e-17	2.74e-18
59443.36	12.25	nan	3.39e-14	nan
59443.36	18.89	0.03	7.52e-17	2.40e-18
59443.36	12.26	nan	3.38e-14	nan
59443.36	12.25	nan	3.40e-14	nan
59443.36	18.86	0.03	7.77e-17	2.30e-18
59443.36	12.26	nan	3.39e-14	nan
59443.36	18.78	0.03	8.31e-17	2.66e-18
59443.36	12.25	nan	3.41e-14	nan
59443.36	18.80	0.03	8.16e-17	2.54e-18
59443.36	18.92	0.04	7.34e-17	2.86e-18
59443.36	12.26	nan	3.38e-14	nan
59443.36	18.84	0.04	7.92e-17	2.73e-18
59443.36	12.25	nan	3.39e-14	nan
59443.36	18.79	0.04	8.25e-17	2.88e-18
59443.36	12.25	nan	3.41e-14	nan
59443.36	12.25	nan	3.42e-14	nan
59443.36	18.91	0.04	7.38e-17	2.93e-18
59443.36	12.24	nan	3.43e-14	nan
59443.36	18.80	0.04	8.18e-17	2.73e-18
59443.36	12.24	nan	3.44e-14	nan
59443.36	18.80	0.04	8.15e-17	2.83e-18
59443.37	18.84	0.04	7.86e-17	3.13e-18
59443.37	12.24	nan	3.45e-14	nan
59443.37	12.24	nan	3.43e-14	nan
59443.37	18.84	0.04	7.91e-17	3.05e-18
59443.37	18.88	0.04	7.59e-17	2.86e-18
59443.37	12.24	nan	3.43e-14	nan
59443.37	18.82	0.04	8.05e-17	2.89e-18
59443.37	12.24	nan	3.43e-14	nan
59443.37	18.94	0.04	7.16e-17	2.96e-18
59443.37	12.25	nan	3.41e-14	nan
59443.37	18.94	0.04	7.22e-17	2.80e-18
59443.37	12.25	nan	3.42e-14	nan
59443.37	12.25	nan	3.40e-14	nan
59443.37	18.79	0.04	8.25e-17	2.97e-18
59443.37	18.88	0.04	7.60e-17	2.78e-18
59443.37	12.25	nan	3.42e-14	nan
59443.37	18.80	0.04	8.18e-17	3.13e-18
59443.37	12.25	nan	3.42e-14	nan
59443.37	18.91	0.04	7.40e-17	2.69e-18
59443.37	12.24	nan	3.44e-14	nan
59443.37	18.83	0.04	7.97e-17	2.89e-18
59443.37	12.25	nan	3.42e-14	nan
59443.37	18.90	0.04	7.46e-17	2.87e-18
59443.37	12.25	nan	3.42e-14	nan
59443.37	18.86	0.04	7.76e-17	3.01e-18
59443.37	12.24	nan	3.45e-14	nan
59443.37	12.25	nan	3.42e-14	nan
59443.37	18.90	0.04	7.46e-17	2.67e-18
59443.37	12.24	nan	3.43e-14	nan
59443.37	18.90	0.04	7.46e-17	2.68e-18
59443.37	12.24	nan	3.45e-14	nan
59443.37	18.88	0.04	7.59e-17	3.08e-18
59443.37	12.25	nan	3.41e-14	nan
59443.37	18.89	0.04	7.53e-17	2.95e-18
59443.37	12.24	nan	3.43e-14	nan
59443.37	18.86	0.04	7.77e-17	3.13e-18
59443.37	18.87	0.04	7.64e-17	2.89e-18
59443.37	12.25	nan	3.42e-14	nan
59443.37	12.24	nan	3.43e-14	nan
59443.37	18.93	0.04	7.25e-17	2.81e-18
59443.37	12.24	nan	3.44e-14	nan
59443.37	18.89	0.04	7.53e-17	2.92e-18
59443.38	18.87	0.04	7.68e-17	2.91e-18
59443.38	12.24	nan	3.44e-14	nan
59443.38	18.92	0.04	7.36e-17	2.62e-18
59443.38	12.24	nan	3.43e-14	nan
59443.38	12.24	nan	3.44e-14	nan
59443.38	18.93	0.04	7.24e-17	2.78e-18
59443.38	18.86	0.04	7.74e-17	2.81e-18
59443.38	12.23	nan	3.46e-14	nan
59443.38	12.24	nan	3.45e-14	nan
59443.38	18.87	0.04	7.67e-17	3.11e-18
59443.38	12.24	nan	3.45e-14	nan
59443.38	18.81	0.04	8.09e-17	3.24e-18
59443.38	12.24	nan	3.46e-14	nan
59443.38	18.84	0.04	7.87e-17	2.93e-18
59443.38	18.84	0.04	7.89e-17	3.03e-18
59443.38	12.24	nan	3.46e-14	nan
59443.38	12.24	nan	3.45e-14	nan
59443.38	18.83	0.04	7.97e-17	3.08e-18
59443.38	12.24	nan	3.46e-14	nan
59443.38	18.85	0.04	7.78e-17	2.87e-18
59443.38	18.87	0.04	7.67e-17	2.84e-18
59443.38	12.23	nan	3.48e-14	nan
59443.38	18.82	0.04	8.01e-17	2.93e-18
59443.38	12.23	nan	3.47e-14	nan
59443.38	12.24	nan	3.46e-14	nan
59443.38	18.93	0.04	7.24e-17	2.95e-18
59443.38	18.90	0.04	7.44e-17	2.84e-18
59443.38	12.24	nan	3.45e-14	nan
59443.38	12.23	nan	3.48e-14	nan
59443.38	18.86	0.05	7.74e-17	3.39e-18
59443.38	12.23	nan	3.47e-14	nan
59443.38	18.88	0.04	7.57e-17	2.98e-18
59443.38	18.82	0.04	8.02e-17	3.19e-18
59443.38	12.23	nan	3.46e-14	nan
59443.38	12.23	nan	3.48e-14	nan
59443.38	18.77	0.03	8.41e-17	2.57e-18
59443.38	12.23	nan	3.46e-14	nan
59443.38	18.87	0.04	7.70e-17	3.00e-18
59443.38	18.77	0.04	8.42e-17	3.10e-18
59443.38	12.23	nan	3.46e-14	nan
59443.38	18.88	0.04	7.61e-17	3.06e-18
59443.38	12.23	nan	3.47e-14	nan
59443.38	12.24	nan	3.45e-14	nan
59443.38	18.91	0.05	7.40e-17	3.21e-18
59443.39	12.25	nan	3.42e-14	nan
59443.39	18.97	0.05	7.02e-17	3.07e-18
59443.39	18.90	0.04	7.43e-17	2.75e-18
59443.39	12.24	nan	3.46e-14	nan
59443.39	18.86	0.04	7.73e-17	2.90e-18
59443.39	12.24	nan	3.45e-14	nan
59443.39	18.92	0.05	7.34e-17	3.18e-18
59443.39	12.23	nan	3.46e-14	nan
59443.39	12.22	nan	3.49e-14	nan
59443.39	18.90	0.05	7.46e-17	3.15e-18
59443.39	12.23	nan	3.47e-14	nan
59443.39	18.96	0.05	7.03e-17	3.35e-18
59443.39	18.99	0.05	6.87e-17	2.96e-18
59443.39	12.24	nan	3.46e-14	nan
59443.39	18.81	0.04	8.07e-17	2.81e-18
59443.39	12.24	nan	3.45e-14	nan
59443.39	12.22	nan	3.49e-14	nan
59443.39	18.80	0.04	8.18e-17	3.08e-18
59443.39	18.84	0.04	7.91e-17	3.07e-18
59443.39	12.23	nan	3.46e-14	nan
59443.39	12.24	nan	3.44e-14	nan
59443.39	18.88	0.04	7.57e-17	2.86e-18
59443.39	18.87	0.04	7.70e-17	2.91e-18
59443.39	12.23	nan	3.48e-14	nan
59443.39	12.23	nan	3.47e-14	nan
59443.39	18.86	0.04	7.71e-17	3.15e-18
59443.39	18.85	0.04	7.80e-17	2.84e-18
59443.39	12.24	nan	3.45e-14	nan
59443.39	18.83	0.05	7.92e-17	3.36e-18
59443.39	12.23	nan	3.47e-14	nan
59443.39	12.23	nan	3.49e-14	nan
59443.39	18.82	0.04	8.04e-17	3.23e-18
59443.39	12.23	nan	3.48e-14	nan
59443.39	18.89	0.04	7.52e-17	2.99e-18
59443.39	12.23	nan	3.48e-14	nan
59443.39	18.83	0.04	7.93e-17	3.24e-18
59443.39	12.23	nan	3.49e-14	nan
59443.39	18.86	0.04	7.72e-17	3.07e-18
59443.39	12.22	nan	3.50e-14	nan
59443.39	18.79	0.04	8.23e-17	3.11e-18
59443.39	18.85	0.04	7.81e-17	2.95e-18
59443.39	12.23	nan	3.48e-14	nan
59443.40	12.22	nan	3.49e-14	nan
59443.40	18.88	0.04	7.61e-17	3.15e-18
59443.40	18.87	0.04	7.69e-17	2.90e-18
59443.40	12.23	nan	3.48e-14	nan
59443.40	12.22	nan	3.51e-14	nan
59443.40	18.87	0.05	7.67e-17	3.19e-18
59443.40	18.95	0.04	7.14e-17	2.92e-18
59443.40	12.22	nan	3.51e-14	nan
59443.40	12.22	nan	3.51e-14	nan
59443.40	18.78	0.04	8.31e-17	3.30e-18
59443.40	12.22	nan	3.50e-14	nan
59443.40	18.79	0.04	8.24e-17	3.26e-18
59443.40	18.88	0.05	7.58e-17	3.24e-18
59443.40	12.22	nan	3.52e-14	nan
59443.40	12.22	nan	3.51e-14	nan
59443.40	18.93	0.05	7.23e-17	3.50e-18
59443.40	12.22	nan	3.50e-14	nan
59443.40	18.87	0.05	7.69e-17	3.54e-18
59443.40	18.86	0.04	7.75e-17	3.06e-18
59443.40	12.22	nan	3.51e-14	nan
59443.40	18.86	0.05	7.74e-17	3.22e-18
59443.40	12.22	nan	3.50e-14	nan
59443.40	12.22	nan	3.51e-14	nan
59443.40	18.84	0.05	7.86e-17	3.57e-18
59443.40	18.83	0.05	7.95e-17	3.41e-18
59443.40	12.21	nan	3.55e-14	nan
59443.40	18.94	0.05	7.20e-17	3.32e-18
59443.40	12.21	nan	3.53e-14	nan
59443.40	12.21	nan	3.55e-14	nan
59443.40	18.88	0.05	7.61e-17	3.36e-18
59443.40	18.82	0.05	8.06e-17	3.46e-18
59443.40	12.21	nan	3.53e-14	nan
59443.40	18.96	0.05	7.04e-17	2.97e-18
59443.40	12.21	nan	3.55e-14	nan
59443.40	18.87	0.05	7.65e-17	3.33e-18
59443.40	12.20	nan	3.57e-14	nan
59443.40	18.96	0.04	7.05e-17	2.92e-18
59443.40	12.21	nan	3.53e-14	nan
59443.40	12.21	nan	3.55e-14	nan
59443.40	18.88	0.05	7.62e-17	3.81e-18
59443.40	12.21	nan	3.53e-14	nan
59443.40	18.87	0.05	7.67e-17	3.40e-18
59443.41	12.21	nan	3.52e-14	nan
59443.41	18.80	0.05	8.15e-17	3.60e-18
59443.41	18.77	0.04	8.43e-17	3.24e-18
59443.41	12.21	nan	3.53e-14	nan
59443.41	12.21	nan	3.54e-14	nan
59443.41	18.82	0.05	8.03e-17	3.81e-18
59443.41	18.83	0.05	7.99e-17	3.34e-18
59443.41	12.20	nan	3.58e-14	nan
59443.41	12.21	nan	3.53e-14	nan
59443.41	18.88	0.05	7.62e-17	3.47e-18
59443.41	12.22	nan	3.51e-14	nan
59443.41	18.91	0.05	7.40e-17	3.22e-18
59443.41	18.77	0.05	8.38e-17	3.51e-18
59443.41	12.22	nan	3.52e-14	nan
59443.41	12.21	nan	3.55e-14	nan
59443.41	18.98	0.06	6.92e-17	3.70e-18
59443.41	12.20	nan	3.57e-14	nan
59443.41	18.80	0.05	8.18e-17	3.40e-18
59443.41	12.20	nan	3.57e-14	nan
59443.41	18.84	0.05	7.89e-17	3.46e-18
59443.41	12.20	nan	3.58e-14	nan
59443.41	18.84	0.05	7.86e-17	3.67e-18
59443.41	12.20	nan	3.57e-14	nan
59443.41	18.99	0.06	6.84e-17	3.90e-18
59443.41	18.88	0.04	7.63e-17	3.04e-18
59443.41	12.20	nan	3.59e-14	nan
59443.41	18.81	0.05	8.13e-17	3.54e-18
59443.41	12.19	nan	3.59e-14	nan
59443.41	18.84	0.05	7.90e-17	3.58e-18
59443.41	12.19	nan	3.62e-14	nan
59443.41	12.19	nan	3.59e-14	nan
59443.41	18.92	0.05	7.29e-17	3.13e-18
59443.41	12.19	nan	3.60e-14	nan
59443.41	18.89	0.05	7.53e-17	3.60e-18
59443.41	12.19	nan	3.62e-14	nan
59443.41	18.93	0.05	7.27e-17	3.55e-18
59443.41	12.18	nan	3.63e-14	nan
59443.41	18.82	0.05	7.99e-17	3.48e-18
59443.41	12.18	nan	3.63e-14	nan
59443.41	18.84	0.05	7.85e-17	3.56e-18
59443.41	12.17	nan	3.66e-14	nan
59443.41	18.76	0.05	8.46e-17	3.90e-18
59443.42	18.95	0.05	7.13e-17	3.38e-18
59443.42	12.18	nan	3.63e-14	nan
59443.42	18.94	0.06	7.22e-17	3.78e-18
59443.42	12.17	nan	3.66e-14	nan
59443.42	18.95	0.06	7.14e-17	3.89e-18
59443.42	12.18	nan	3.64e-14	nan
59443.42	12.18	nan	3.64e-14	nan
59443.42	18.94	0.05	7.20e-17	3.53e-18
59443.42	18.89	0.05	7.53e-17	3.29e-18
59443.42	12.18	nan	3.65e-14	nan
59443.42	18.83	0.05	7.96e-17	3.74e-18
59443.42	12.18	nan	3.65e-14	nan
59443.42	12.17	nan	3.66e-14	nan
59443.42	18.83	0.05	7.96e-17	3.51e-18
59443.42	18.86	0.06	7.75e-17	4.00e-18
59443.42	12.17	nan	3.66e-14	nan
59443.42	18.94	0.05	7.16e-17	3.62e-18
59443.42	12.17	nan	3.67e-14	nan
59443.42	18.78	0.05	8.30e-17	3.69e-18
59443.42	12.17	nan	3.68e-14	nan
59443.42	18.83	0.05	7.93e-17	3.95e-18
59443.42	12.18	nan	3.65e-14	nan
59443.42	18.96	0.06	7.05e-17	3.90e-18
59443.42	12.17	nan	3.68e-14	nan
59444.27	18.68	0.11	9.09e-17	8.80e-18
59444.27	12.30	nan	3.25e-14	nan
59446.35	12.50	nan	2.72e-14	nan
59446.35	18.81	0.11	8.12e-17	8.16e-18
59446.35	18.96	0.15	7.09e-17	9.47e-18
59446.35	18.81	0.11	8.07e-17	8.19e-18
59447.24	18.87	0.19	7.64e-17	1.35e-17
59447.24	12.45	nan	2.84e-14	nan
59449.32	18.82	0.08	8.05e-17	6.17e-18
59449.32	12.53	nan	2.63e-14	nan
59450.31	12.24	nan	3.45e-14	nan
59450.31	18.79	0.21	8.22e-17	1.62e-17
59450.31	19.42	nan	4.61e-17	nan
59450.31	12.20	nan	3.56e-14	nan
59451.27	12.47	nan	2.78e-14	nan
59451.27	18.92	0.08	7.29e-17	5.52e-18
59452.27	12.53	nan	2.64e-14	nan
59452.27	18.71	0.04	8.87e-17	3.03e-18
59453.27	12.56	nan	2.57e-14	nan
59453.27	18.89	0.04	7.49e-17	2.43e-18
59453.28	12.55	nan	2.59e-14	nan
59453.28	18.87	0.03	7.67e-17	2.20e-18
59454.31	18.86	0.03	7.70e-17	2.39e-18
59454.31	12.54	nan	2.61e-14	nan
59455.28	18.84	0.03	7.85e-17	2.35e-18
59455.28	12.50	nan	2.71e-14	nan
59455.28	18.86	0.03	7.77e-17	2.34e-18
59455.28	12.51	nan	2.69e-14	nan
59456.31	18.80	0.03	8.19e-17	2.25e-18
59456.31	12.44	nan	2.85e-14	nan
59458.35	12.47	nan	2.77e-14	nan
59458.35	18.86	0.03	7.72e-17	1.94e-18
59459.23	12.53	nan	2.63e-14	nan
59459.23	18.91	0.03	7.41e-17	1.89e-18
59459.23	18.85	0.02	7.84e-17	1.52e-18
59459.23	12.53	nan	2.63e-14	nan
59461.27	12.54	nan	2.60e-14	nan
59461.27	18.83	0.03	7.92e-17	2.25e-18
59461.28	18.86	0.03	7.74e-17	2.08e-18
59461.28	12.54	nan	2.61e-14	nan
59462.36	12.52	nan	2.67e-14	nan
59462.36	18.84	0.03	7.87e-17	2.34e-18
59463.28	12.54	nan	2.62e-14	nan
59463.28	18.84	0.03	7.92e-17	1.86e-18
59463.29	12.53	nan	2.63e-14	nan
59463.29	18.84	0.03	7.91e-17	1.96e-18
59464.32	18.82	0.03	8.00e-17	2.23e-18
59464.32	12.51	nan	2.68e-14	nan
59465.19	12.43	nan	2.89e-14	nan
59465.19	18.85	0.03	7.84e-17	2.25e-18
59467.23	18.78	0.02	8.35e-17	1.87e-18
59467.23	12.47	nan	2.77e-14	nan
59469.19	12.52	nan	2.65e-14	nan
59469.19	18.78	0.03	8.31e-17	2.19e-18
59471.23	18.84	0.05	7.89e-17	3.94e-18
59471.23	12.42	nan	2.90e-14	nan
59473.25	18.78	0.05	8.31e-17	3.60e-18
59473.25	12.54	nan	2.61e-14	nan
59474.24	12.53	nan	2.63e-14	nan
59474.24	18.80	0.07	8.21e-17	5.45e-18
59478.23	12.53	nan	2.63e-14	nan
59478.23	18.80	0.09	8.20e-17	7.07e-18
59478.23	18.99	0.11	6.87e-17	6.93e-18
59478.23	12.54	nan	2.61e-14	nan
59479.25	18.81	0.07	8.12e-17	5.43e-18
59479.25	12.50	nan	2.71e-14	nan
59480.21	18.76	0.05	8.48e-17	4.20e-18
59480.21	12.52	nan	2.66e-14	nan
59480.21	18.93	0.06	7.27e-17	3.94e-18
59480.21	12.52	nan	2.66e-14	nan
59484.23	12.50	nan	2.70e-14	nan
59484.23	18.86	0.02	7.76e-17	1.64e-18
59484.23	18.85	0.02	7.81e-17	1.38e-18
59484.23	12.51	nan	2.68e-14	nan
59485.21	12.31	nan	3.22e-14	nan
59485.21	18.84	0.04	7.87e-17	2.57e-18
59486.26	18.84	0.03	7.87e-17	2.10e-18
59486.26	12.53	nan	2.63e-14	nan
59486.26	18.87	0.03	7.65e-17	2.06e-18
59486.26	12.53	nan	2.63e-14	nan
59487.24	12.45	nan	2.84e-14	nan
59487.24	18.80	0.03	8.16e-17	2.56e-18
59488.19	12.53	nan	2.63e-14	nan
59488.19	18.81	0.03	8.13e-17	1.96e-18
59488.19	12.54	nan	2.60e-14	nan
59488.19	18.89	0.03	7.52e-17	2.26e-18
59489.26	12.48	nan	2.76e-14	nan
59489.26	18.85	0.04	7.84e-17	2.62e-18
59490.15	18.84	0.03	7.91e-17	2.02e-18
59490.15	12.52	nan	2.66e-14	nan
59491.19	12.52	nan	2.66e-14	nan
59491.19	18.82	0.03	8.03e-17	2.26e-18
59503.17	18.66	0.07	9.29e-17	5.95e-18
59503.17	12.55	nan	2.59e-14	nan
59503.17	18.86	0.09	7.73e-17	6.10e-18
59503.17	12.54	nan	2.61e-14	nan
59504.28	12.47	nan	2.79e-14	nan
59504.28	18.72	0.09	8.79e-17	7.52e-18
59505.24	18.67	0.07	9.24e-17	6.20e-18
59505.24	12.52	nan	2.66e-14	nan
59510.17	11.25	nan	8.59e-14	nan
59510.17	18.87	nan	7.64e-17	nan
59512.17	18.86	0.03	7.77e-17	2.19e-18
59512.17	12.57	nan	2.54e-14	nan
59512.17	18.79	0.03	8.27e-17	2.14e-18
59512.17	12.57	nan	2.53e-14	nan
59520.19	18.76	0.04	8.46e-17	3.22e-18
59520.19	12.47	nan	2.78e-14	nan
59524.09	12.58	nan	2.52e-14	nan
59524.09	18.83	0.02	7.94e-17	1.62e-18
59526.11	18.86	0.03	7.75e-17	1.88e-18
59526.11	12.58	nan	2.52e-14	nan
59527.12	12.58	nan	2.53e-14	nan
59527.12	18.77	0.03	8.41e-17	2.43e-18
59531.13	18.72	0.08	8.81e-17	6.81e-18
59531.13	12.57	nan	2.54e-14	nan
59531.13	18.77	0.06	8.40e-17	4.86e-18
59531.13	12.57	nan	2.53e-14	nan
59532.11	12.57	nan	2.54e-14	nan
59532.11	18.83	0.06	7.92e-17	4.09e-18
59537.17	18.62	nan	9.68e-17	nan
59537.17	11.57	nan	6.39e-14	nan
59540.15	18.75	0.10	8.56e-17	7.79e-18
59540.15	12.55	nan	2.59e-14	nan
59543.12	18.79	0.07	8.29e-17	5.14e-18
59543.12	12.52	nan	2.66e-14	nan
59707.42	18.81	0.07	8.09e-17	5.28e-18
59707.42	12.40	nan	2.98e-14	nan
59707.46	12.46	nan	2.80e-14	nan
59707.46	18.77	0.06	8.40e-17	4.73e-18
59709.43	18.85	0.06	7.83e-17	4.14e-18
59709.43	12.41	nan	2.93e-14	nan
59709.46	12.18	nan	3.65e-14	nan
59709.46	18.62	0.06	9.62e-17	5.54e-18
59711.46	18.77	0.05	8.43e-17	3.81e-18
59711.46	12.46	nan	2.81e-14	nan
59713.40	18.69	0.09	9.02e-17	7.73e-18
59713.40	12.34	nan	3.14e-14	nan
59718.42	12.45	nan	2.85e-14	nan
59718.42	18.88	0.09	7.58e-17	6.31e-18
59718.46	18.81	0.07	8.09e-17	5.58e-18
59718.46	12.47	nan	2.77e-14	nan
59732.45	12.51	nan	2.67e-14	nan
59732.45	18.75	0.02	8.57e-17	1.84e-18
59735.40	18.80	0.02	8.21e-17	1.77e-18
59735.40	12.41	nan	2.94e-14	nan
59737.44	18.77	0.02	8.43e-17	1.39e-18
59737.44	12.54	nan	2.61e-14	nan
59739.44	18.66	0.02	9.27e-17	1.59e-18
59739.44	12.53	nan	2.64e-14	nan
59741.38	18.62	0.05	9.66e-17	4.31e-18
59741.38	12.41	nan	2.93e-14	nan
59749.37	18.63	0.06	9.52e-17	5.37e-18
59749.37	12.52	nan	2.65e-14	nan
59751.42	12.53	nan	2.63e-14	nan
59751.42	18.72	0.03	8.77e-17	2.53e-18
59753.46	18.77	0.02	8.40e-17	1.22e-18
59753.46	12.51	nan	2.68e-14	nan
59756.39	18.81	0.02	8.11e-17	1.52e-18
59756.39	12.54	nan	2.60e-14	nan
59764.37	18.76	0.02	8.47e-17	1.44e-18
59764.37	12.56	nan	2.57e-14	nan
59766.36	18.76	0.02	8.51e-17	1.45e-18
59766.36	12.54	nan	2.60e-14	nan
59773.36	18.66	0.07	9.33e-17	6.17e-18
59773.36	12.52	nan	2.67e-14	nan
59773.38	12.50	nan	2.71e-14	nan
59773.38	18.70	0.08	8.96e-17	6.92e-18
59776.38	12.54	nan	2.60e-14	nan
59776.38	18.74	0.08	8.61e-17	6.65e-18
59776.42	12.53	nan	2.63e-14	nan
59776.42	18.78	0.07	8.36e-17	5.60e-18
59779.44	18.76	0.04	8.48e-17	2.89e-18
59779.44	12.50	nan	2.70e-14	nan
59783.40	12.01	nan	4.26e-14	nan
59783.40	18.77	0.04	8.39e-17	3.00e-18
59785.39	12.48	nan	2.75e-14	nan
59785.39	18.76	0.02	8.46e-17	1.34e-18
59787.34	12.46	nan	2.80e-14	nan
59787.34	18.73	0.02	8.69e-17	1.59e-18
59789.35	18.78	0.02	8.33e-17	1.88e-18
59789.35	12.44	nan	2.87e-14	nan
59798.34	12.52	nan	2.66e-14	nan
59798.34	18.66	0.02	9.26e-17	2.12e-18
59800.40	18.75	0.04	8.58e-17	3.26e-18
59800.40	12.50	nan	2.70e-14	nan
59806.34	12.52	nan	2.67e-14	nan
59806.34	18.66	0.05	9.35e-17	4.03e-18
59808.34	12.49	nan	2.75e-14	nan
59808.34	18.71	0.04	8.89e-17	3.11e-18
59810.27	18.79	0.04	8.29e-17	2.90e-18
59810.27	12.42	nan	2.92e-14	nan
59813.27	12.48	nan	2.75e-14	nan
59813.27	18.80	0.03	8.16e-17	2.25e-18
59815.30	18.71	0.02	8.91e-17	1.90e-18
59815.30	12.49	nan	2.73e-14	nan
59817.25	18.73	0.02	8.73e-17	1.62e-18
59817.25	12.48	nan	2.75e-14	nan
59819.25	18.73	0.02	8.69e-17	1.48e-18
59819.25	12.53	nan	2.64e-14	nan
59821.26	12.53	nan	2.62e-14	nan
59821.26	18.75	0.02	8.60e-17	1.48e-18
59824.30	18.80	0.02	8.21e-17	1.86e-18
59824.30	12.50	nan	2.71e-14	nan
59826.28	18.71	0.04	8.88e-17	2.87e-18
59826.28	12.49	nan	2.73e-14	nan
59829.17	12.43	nan	2.89e-14	nan
59829.17	18.68	0.10	9.12e-17	8.60e-18
59842.21	12.56	nan	2.55e-14	nan
59842.21	18.75	0.02	8.55e-17	1.81e-18
59844.27	18.82	0.03	8.02e-17	2.14e-18
59844.27	12.56	nan	2.55e-14	nan
59846.16	18.70	0.02	8.95e-17	2.00e-18
59846.16	12.52	nan	2.66e-14	nan
59848.19	18.76	0.02	8.49e-17	1.63e-18
59848.19	12.52	nan	2.65e-14	nan
59850.21	18.69	0.02	9.07e-17	2.03e-18
59850.21	12.52	nan	2.66e-14	nan
59852.18	18.72	0.02	8.84e-17	1.40e-18
59852.18	12.54	nan	2.61e-14	nan
59859.23	12.53	nan	2.64e-14	nan
59859.23	18.85	0.09	7.81e-17	6.51e-18
59866.18	18.74	0.04	8.68e-17	2.83e-18
59866.18	12.54	nan	2.61e-14	nan
59869.17	12.52	nan	2.66e-14	nan
59869.17	18.68	0.04	9.12e-17	3.22e-18
59873.16	18.73	0.03	8.69e-17	2.66e-18
59873.16	12.54	nan	2.61e-14	nan
59877.15	18.76	0.03	8.47e-17	2.18e-18
59877.15	12.55	nan	2.59e-14	nan
59879.13	12.47	nan	2.79e-14	nan
59879.13	18.63	0.03	9.58e-17	2.38e-18
59881.26	12.48	nan	2.76e-14	nan
59881.26	18.76	0.05	8.47e-17	3.57e-18
59896.11	18.75	0.05	8.56e-17	3.66e-18
59896.11	12.46	nan	2.81e-14	nan
59900.12	18.71	0.05	8.87e-17	4.24e-18
59900.12	12.56	nan	2.55e-14	nan
59902.12	12.54	nan	2.61e-14	nan
59902.12	18.71	0.06	8.89e-17	4.62e-18
59904.12	12.56	nan	2.56e-14	nan
59904.12	18.71	0.03	8.86e-17	2.41e-18
59906.13	12.56	nan	2.57e-14	nan
59906.13	18.64	0.03	9.48e-17	2.88e-18
59909.15	12.54	nan	2.61e-14	nan
59909.15	18.74	0.05	8.63e-17	4.23e-18
59911.10	18.65	0.21	9.36e-17	1.85e-17
59911.10	11.75	nan	5.40e-14	nan
59914.15	18.68	0.06	9.12e-17	4.62e-18
59914.15	12.52	nan	2.65e-14	nan
59924.13	12.48	nan	2.76e-14	nan
59924.13	18.62	0.05	9.63e-17	4.69e-18
60077.44	12.41	nan	2.94e-14	nan
60077.44	18.68	0.07	9.11e-17	5.48e-18
60079.43	18.70	0.03	8.99e-17	2.67e-18
60079.43	12.40	nan	2.96e-14	nan
60082.46	12.41	nan	2.93e-14	nan
60082.46	18.70	0.03	8.94e-17	2.67e-18
60085.46	18.71	0.02	8.86e-17	1.86e-18
60085.46	12.46	nan	2.82e-14	nan
60090.46	12.48	nan	2.75e-14	nan
60090.46	18.64	0.03	9.52e-17	2.91e-18
60099.41	12.46	nan	2.82e-14	nan
60099.41	18.72	0.09	8.84e-17	7.01e-18
60101.42	12.48	nan	2.75e-14	nan
60101.42	18.66	0.08	9.27e-17	7.06e-18
60108.46	18.68	0.02	9.12e-17	1.95e-18
60108.46	12.49	nan	2.72e-14	nan
60111.37	18.63	0.04	9.59e-17	3.58e-18
60111.37	12.29	nan	3.28e-14	nan
60114.38	18.72	0.04	8.84e-17	2.94e-18
60114.38	12.53	nan	2.64e-14	nan
60117.40	12.54	nan	2.61e-14	nan
60117.40	18.73	0.03	8.73e-17	2.17e-18
60119.44	12.54	nan	2.61e-14	nan
60119.44	18.68	0.03	9.11e-17	2.48e-18
60121.31	18.68	0.06	9.15e-17	4.78e-18
60121.31	12.48	nan	2.75e-14	nan
60123.44	18.73	0.02	8.73e-17	1.71e-18
60123.44	12.54	nan	2.62e-14	nan
60125.42	18.77	0.02	8.41e-17	1.75e-18
60125.42	12.50	nan	2.70e-14	nan
60133.38	18.68	0.03	9.16e-17	2.79e-18
60133.38	12.55	nan	2.58e-14	nan
60135.42	12.56	nan	2.57e-14	nan
60135.42	18.73	0.04	8.71e-17	2.90e-18
60137.40	12.47	nan	2.78e-14	nan
60137.40	18.70	0.04	8.98e-17	3.06e-18
60142.42	18.34	0.13	1.25e-16	1.46e-17
60142.42	11.14	nan	9.48e-14	nan
60144.36	12.55	nan	2.58e-14	nan
60144.36	18.71	0.02	8.85e-17	1.43e-18
60146.32	18.78	0.03	8.33e-17	2.42e-18
60146.32	12.52	nan	2.65e-14	nan
60146.36	12.55	nan	2.59e-14	nan
60146.36	18.73	0.02	8.76e-17	1.52e-18
60148.38	12.49	nan	2.73e-14	nan
60148.38	18.77	0.02	8.40e-17	1.59e-18
60150.37	18.72	0.02	8.79e-17	1.48e-18
60150.37	12.48	nan	2.77e-14	nan
60152.32	12.54	nan	2.61e-14	nan
60152.32	18.78	0.03	8.34e-17	1.97e-18
60156.39	18.74	0.07	8.65e-17	5.81e-18
60156.39	12.50	nan	2.71e-14	nan
60160.28	12.55	nan	2.58e-14	nan
60160.28	18.76	0.06	8.52e-17	4.66e-18
60162.35	12.57	nan	2.53e-14	nan
60162.35	18.70	0.04	8.97e-17	2.96e-18
60168.34	18.68	0.02	9.17e-17	1.68e-18
60168.34	12.56	nan	2.57e-14	nan
60170.31	12.51	nan	2.68e-14	nan
60170.31	18.72	0.03	8.80e-17	2.03e-18
60172.28	18.77	0.03	8.39e-17	2.37e-18
60172.28	12.45	nan	2.84e-14	nan
60174.36	18.72	0.03	8.80e-17	2.22e-18
60174.36	12.53	nan	2.63e-14	nan
60181.27	12.55	nan	2.60e-14	nan
60181.27	18.75	0.04	8.58e-17	3.18e-18
60183.36	12.56	nan	2.56e-14	nan
60183.36	18.70	0.03	8.96e-17	2.88e-18
60185.22	12.56	nan	2.56e-14	nan
60185.22	18.57	0.06	1.01e-16	5.60e-18
60187.29	12.53	nan	2.64e-14	nan
60187.29	18.71	0.09	8.92e-17	7.51e-18
60193.27	18.70	0.03	8.98e-17	2.52e-18
60193.27	12.52	nan	2.65e-14	nan
60195.28	12.51	nan	2.69e-14	nan
60195.28	18.75	0.03	8.57e-17	2.14e-18
60198.25	12.43	nan	2.89e-14	nan
60198.25	18.71	0.04	8.91e-17	3.31e-18
60201.25	18.72	0.02	8.79e-17	1.88e-18
60201.25	12.54	nan	2.61e-14	nan
60203.25	18.74	0.02	8.64e-17	1.39e-18
60203.25	12.54	nan	2.62e-14	nan
60205.30	18.69	0.02	9.02e-17	1.68e-18
60205.30	12.55	nan	2.58e-14	nan
60207.30	12.56	nan	2.57e-14	nan
60207.30	18.77	0.03	8.38e-17	1.96e-18
60211.20	18.72	0.04	8.84e-17	3.16e-18
60211.20	12.57	nan	2.55e-14	nan
60214.22	18.74	0.07	8.62e-17	5.77e-18
60214.22	12.59	nan	2.49e-14	nan
60216.16	18.61	0.06	9.77e-17	4.97e-18
60216.16	12.57	nan	2.55e-14	nan
60220.30	18.71	0.06	8.88e-17	5.21e-18
60220.30	12.48	nan	2.77e-14	nan
60222.23	12.55	nan	2.59e-14	nan
60222.23	18.64	0.05	9.52e-17	4.34e-18
60224.21	12.54	nan	2.61e-14	nan
60224.21	18.66	0.03	9.32e-17	2.62e-18
60227.17	18.74	0.05	8.68e-17	4.28e-18
60227.17	12.15	nan	3.73e-14	nan
60231.15	12.54	nan	2.61e-14	nan
60231.15	18.80	0.04	8.14e-17	2.83e-18
60233.15	12.56	nan	2.57e-14	nan
60233.15	18.78	0.03	8.33e-17	2.46e-18
60235.13	12.55	nan	2.58e-14	nan
60235.13	18.78	0.03	8.32e-17	2.18e-18
60237.17	18.70	0.03	8.96e-17	2.64e-18
60237.17	12.51	nan	2.69e-14	nan
60239.13	12.57	nan	2.54e-14	nan
60239.13	18.71	0.03	8.86e-17	2.70e-18
60245.17	12.57	nan	2.53e-14	nan
60245.17	18.69	0.06	9.06e-17	5.31e-18
