mjd	ab_mag	ab_mag_err	flux_dens	flux_dens_err
58277.47	18.28	0.02	2.37e-16	5.25e-18
58280.45	18.28	0.01	2.38e-16	2.89e-18
58283.45	18.26	0.01	2.43e-16	2.48e-18
58286.45	18.28	0.01	2.38e-16	2.53e-18
58289.43	18.28	0.01	2.38e-16	1.97e-18
58292.44	18.24	0.02	2.46e-16	3.95e-18
58295.45	18.28	0.03	2.38e-16	7.61e-18
58298.46	18.20	0.05	2.57e-16	1.11e-17
58301.47	18.24	0.03	2.46e-16	6.06e-18
58304.44	18.27	0.02	2.40e-16	3.78e-18
58307.46	18.31	0.02	2.30e-16	3.56e-18
58313.46	18.34	0.02	2.24e-16	4.22e-18
58314.49	18.30	0.01	2.34e-16	1.11e-18
58314.49	18.31	0.01	2.31e-16	2.71e-18
58314.49	12.30	nan	5.86e-14	nan
58314.49	18.29	0.01	2.36e-16	2.55e-18
58314.49	12.30	nan	5.88e-14	nan
58314.49	12.31	nan	5.83e-14	nan
58314.49	18.30	0.02	2.33e-16	3.83e-18
58314.49	12.30	nan	5.89e-14	nan
58314.49	12.29	nan	5.91e-14	nan
58314.49	12.30	nan	5.85e-14	nan
58316.42	18.74	nan	1.56e-16	nan
58319.44	18.29	0.02	2.35e-16	4.22e-18
58325.44	18.35	0.04	2.24e-16	9.07e-18
58328.48	18.26	0.19	2.41e-16	4.24e-17
58331.48	18.29	0.04	2.36e-16	8.52e-18
58334.47	18.21	0.02	2.54e-16	4.67e-18
58337.40	12.45	nan	5.12e-14	nan
58337.40	12.44	nan	5.14e-14	nan
58337.40	12.44	nan	5.16e-14	nan
58337.40	18.32	0.01	2.29e-16	2.04e-18
58337.43	12.46	nan	5.08e-14	nan
58337.43	12.44	nan	5.14e-14	nan
58338.42	12.42	nan	5.23e-14	nan
58338.42	12.42	nan	5.27e-14	nan
58338.42	12.41	nan	5.29e-14	nan
58340.48	18.32	0.01	2.29e-16	3.15e-18
58343.40	18.35	0.02	2.22e-16	4.03e-18
58344.38	12.38	nan	5.45e-14	nan
58344.38	12.39	nan	5.38e-14	nan
58344.38	12.39	nan	5.41e-14	nan
58346.36	18.36	0.02	2.20e-16	3.66e-18
58347.51	12.44	nan	5.17e-14	nan
58347.51	12.44	nan	5.15e-14	nan
58347.51	18.34	0.03	2.25e-16	6.26e-18
58347.51	12.42	nan	5.23e-14	nan
58348.51	18.35	0.01	2.24e-16	1.03e-18
58348.51	12.45	nan	5.12e-14	nan
58348.51	12.45	nan	5.10e-14	nan
58348.51	12.45	nan	5.09e-14	nan
58349.41	18.33	0.02	2.28e-16	4.13e-18
58352.41	18.34	0.02	2.25e-16	4.17e-18
58360.41	18.39	0.06	2.16e-16	1.22e-17
58360.41	12.52	nan	4.81e-14	nan
58360.41	12.51	nan	4.83e-14	nan
58360.41	12.52	nan	4.81e-14	nan
58361.41	12.53	nan	4.76e-14	nan
58361.41	12.51	nan	4.83e-14	nan
58361.41	12.52	nan	4.79e-14	nan
58361.41	18.40	0.05	2.14e-16	8.98e-18
58361.44	18.35	0.04	2.24e-16	7.54e-18
58363.36	18.32	0.02	2.30e-16	5.02e-18
58363.36	12.46	nan	5.07e-14	nan
58364.28	18.46	0.02	2.02e-16	3.21e-18
58364.45	12.45	nan	5.12e-14	nan
58364.45	12.43	nan	5.20e-14	nan
58364.45	18.34	0.01	2.25e-16	2.13e-18
58364.45	12.44	nan	5.15e-14	nan
58365.42	12.50	nan	4.88e-14	nan
58365.42	18.38	0.02	2.17e-16	3.02e-18
58365.42	12.49	nan	4.92e-14	nan
58365.42	12.50	nan	4.89e-14	nan
58366.46	12.51	nan	4.83e-14	nan
58366.46	18.35	0.01	2.24e-16	2.25e-18
58366.46	12.50	nan	4.89e-14	nan
58366.46	12.51	nan	4.86e-14	nan
58367.42	18.35	0.02	2.24e-16	4.51e-18
58367.46	18.32	0.02	2.30e-16	4.39e-18
58368.39	12.49	nan	4.90e-14	nan
58368.39	18.36	0.02	2.21e-16	3.43e-18
58368.39	12.51	nan	4.85e-14	nan
58368.39	12.50	nan	4.88e-14	nan
58368.39	18.36	0.02	2.20e-16	4.48e-18
58369.33	12.51	nan	4.84e-14	nan
58369.33	12.49	nan	4.94e-14	nan
58369.33	18.40	0.02	2.14e-16	3.30e-18
58369.33	12.50	nan	4.90e-14	nan
58370.34	18.34	0.02	2.26e-16	4.35e-18
58370.35	12.49	nan	4.91e-14	nan
58370.35	12.51	nan	4.86e-14	nan
58370.35	12.50	nan	4.89e-14	nan
58370.35	18.35	0.02	2.23e-16	3.38e-18
58370.35	18.33	0.02	2.27e-16	4.22e-18
58372.43	18.38	0.02	2.16e-16	4.21e-18
58372.43	12.51	nan	4.82e-14	nan
58372.43	12.50	nan	4.86e-14	nan
58372.43	18.39	0.02	2.15e-16	3.87e-18
58372.43	12.50	nan	4.86e-14	nan
58373.40	18.38	0.02	2.18e-16	4.44e-18
58376.32	18.32	0.02	2.29e-16	4.59e-18
58378.33	18.36	0.02	2.21e-16	4.19e-18
58378.33	12.51	nan	4.81e-14	nan
58378.33	18.38	0.02	2.17e-16	3.47e-18
58378.33	12.51	nan	4.83e-14	nan
58378.33	12.50	nan	4.86e-14	nan
58379.36	18.35	0.02	2.23e-16	4.37e-18
58382.27	12.48	nan	4.96e-14	nan
58382.27	12.46	nan	5.04e-14	nan
58382.27	18.40	0.03	2.13e-16	5.22e-18
58382.43	18.36	0.02	2.21e-16	4.32e-18
58383.29	18.31	0.03	2.32e-16	7.23e-18
58383.29	12.46	nan	5.07e-14	nan
58383.29	12.45	nan	5.10e-14	nan
58384.31	12.47	nan	5.04e-14	nan
58384.31	12.46	nan	5.05e-14	nan
58384.31	18.33	0.04	2.27e-16	8.28e-18
58385.38	18.34	0.06	2.26e-16	1.18e-17
58388.34	12.50	nan	4.87e-14	nan
58388.34	12.51	nan	4.84e-14	nan
58388.34	18.39	0.05	2.15e-16	9.53e-18
58388.37	18.23	0.04	2.49e-16	9.08e-18
58389.38	12.50	nan	4.89e-14	nan
58389.38	12.48	nan	4.97e-14	nan
58389.38	18.37	0.03	2.19e-16	6.10e-18
58390.34	18.37	0.03	2.19e-16	5.76e-18
58390.34	12.50	nan	4.88e-14	nan
58390.34	12.50	nan	4.87e-14	nan
58397.36	18.37	0.02	2.18e-16	4.46e-18
58424.20	11.36	nan	1.40e-13	nan
58424.20	11.36	nan	1.39e-13	nan
58424.20	18.33	0.06	2.28e-16	1.28e-17
58424.20	11.43	nan	1.31e-13	nan
58425.20	18.30	0.01	2.35e-16	1.47e-18
58427.20	10.80	nan	2.34e-13	nan
58427.20	10.80	nan	2.33e-13	nan
58427.20	18.18	0.11	2.61e-16	2.53e-17
58427.20	10.80	nan	2.34e-13	nan
58428.21	18.29	0.01	2.36e-16	3.07e-18
58429.25	18.27	0.01	2.40e-16	3.28e-18
58429.25	12.50	nan	4.89e-14	nan
58429.25	12.49	nan	4.93e-14	nan
58429.25	12.48	nan	4.98e-14	nan
58430.26	18.28	0.02	2.38e-16	3.50e-18
58430.26	12.55	nan	4.68e-14	nan
58430.26	12.53	nan	4.73e-14	nan
58430.26	12.54	nan	4.71e-14	nan
58431.21	18.28	0.02	2.37e-16	3.78e-18
58432.25	12.50	nan	4.89e-14	nan
58432.25	18.33	0.01	2.28e-16	2.70e-18
58432.25	12.49	nan	4.92e-14	nan
58432.25	12.49	nan	4.92e-14	nan
58434.26	18.29	0.01	2.36e-16	3.24e-18
58435.20	12.49	nan	4.91e-14	nan
58435.20	12.52	nan	4.80e-14	nan
58435.20	18.29	0.01	2.36e-16	2.82e-18
58435.20	12.50	nan	4.89e-14	nan
58436.18	18.32	0.03	2.30e-16	6.53e-18
58436.18	12.51	nan	4.85e-14	nan
58436.18	12.50	nan	4.86e-14	nan
58436.18	12.48	nan	4.95e-14	nan
58437.24	18.25	0.01	2.44e-16	1.87e-18
58441.26	18.26	0.04	2.43e-16	9.04e-18
58443.20	18.34	0.06	2.25e-16	1.21e-17
58443.20	12.54	nan	4.71e-14	nan
58443.20	12.54	nan	4.71e-14	nan
58443.20	12.59	nan	4.48e-14	nan
58468.30	18.29	0.04	2.36e-16	7.76e-18
58471.10	18.29	0.07	2.35e-16	1.55e-17
58482.15	18.26	0.01	2.42e-16	1.56e-18
58483.12	12.50	nan	4.90e-14	nan
58483.12	12.50	nan	4.88e-14	nan
58483.12	12.49	nan	4.92e-14	nan
58483.12	18.30	0.01	2.34e-16	2.00e-18
58483.12	18.27	0.00	2.41e-16	4.86e-19
58493.16	18.24	0.02	2.48e-16	3.57e-18
58503.16	18.26	0.05	2.43e-16	1.17e-17
58509.15	18.27	0.03	2.39e-16	7.24e-18
58514.15	18.23	0.01	2.49e-16	1.95e-18
58642.42	18.29	0.01	2.35e-16	1.48e-18
58646.45	18.23	0.02	2.50e-16	5.18e-18
58649.47	18.30	0.03	2.35e-16	6.05e-18
58655.48	18.13	0.05	2.73e-16	1.18e-17
58658.47	18.26	0.02	2.42e-16	5.55e-18
58661.47	18.26	0.01	2.43e-16	2.60e-18
58674.45	18.26	0.02	2.42e-16	3.67e-18
58677.47	18.25	0.02	2.45e-16	3.91e-18
58680.48	18.32	0.03	2.30e-16	7.34e-18
58683.48	18.36	0.03	2.21e-16	5.73e-18
58686.48	18.30	0.03	2.33e-16	5.84e-18
58688.48	18.33	0.03	2.27e-16	5.39e-18
58688.48	12.41	nan	5.30e-14	nan
58688.48	12.39	nan	5.40e-14	nan
58688.48	12.41	nan	5.30e-14	nan
58688.49	12.39	nan	5.40e-14	nan
58688.49	18.27	0.02	2.40e-16	4.72e-18
58688.49	12.39	nan	5.39e-14	nan
58688.49	12.39	nan	5.40e-14	nan
58688.49	18.26	0.01	2.42e-16	3.24e-18
58690.47	18.35	0.02	2.23e-16	3.70e-18
58691.49	18.35	0.01	2.23e-16	2.93e-18
58691.49	12.39	nan	5.41e-14	nan
58691.49	12.39	nan	5.42e-14	nan
58691.49	18.33	0.00	2.28e-16	8.37e-19
58691.49	12.39	nan	5.38e-14	nan
58691.49	12.39	nan	5.40e-14	nan
58691.49	18.34	0.00	2.24e-16	1.03e-18
58691.49	12.40	nan	5.35e-14	nan
58691.49	12.39	nan	5.38e-14	nan
58693.43	18.31	0.02	2.31e-16	4.69e-18
58695.41	18.32	0.02	2.28e-16	4.12e-18
58695.41	12.40	nan	5.35e-14	nan
58695.41	18.30	0.02	2.34e-16	3.24e-18
58695.41	12.41	nan	5.32e-14	nan
58695.41	12.41	nan	5.30e-14	nan
58695.41	12.41	nan	5.33e-14	nan
58695.41	12.40	nan	5.36e-14	nan
58695.41	12.39	nan	5.38e-14	nan
58695.41	18.32	0.02	2.30e-16	3.29e-18
58696.43	18.29	0.02	2.35e-16	4.55e-18
58699.45	18.34	0.02	2.25e-16	4.18e-18
58700.49	12.41	nan	5.31e-14	nan
58700.49	18.37	0.01	2.20e-16	2.66e-18
58700.49	12.39	nan	5.41e-14	nan
58700.49	12.51	nan	4.83e-14	nan
58700.49	12.39	nan	5.39e-14	nan
58700.49	12.40	nan	5.34e-14	nan
58700.49	18.35	0.01	2.23e-16	1.08e-18
58700.49	12.40	nan	5.37e-14	nan
58700.49	18.35	0.02	2.22e-16	3.92e-18
58706.46	18.35	0.02	2.22e-16	4.43e-18
58709.48	18.34	0.02	2.24e-16	4.62e-18
58713.45	12.41	nan	5.29e-14	nan
58713.45	18.35	0.05	2.24e-16	9.59e-18
58713.45	12.43	nan	5.21e-14	nan
58713.45	12.41	nan	5.28e-14	nan
58713.45	12.42	nan	5.26e-14	nan
58713.45	12.42	nan	5.24e-14	nan
58713.45	18.34	0.05	2.24e-16	9.84e-18
58713.45	12.42	nan	5.26e-14	nan
58715.51	18.40	0.05	2.13e-16	9.69e-18
58718.41	18.36	0.00	2.21e-16	1.30e-19
58718.46	12.41	nan	5.33e-14	nan
58718.46	12.42	nan	5.27e-14	nan
58718.46	12.41	nan	5.31e-14	nan
58718.46	18.36	0.02	2.22e-16	3.21e-18
58718.46	12.42	nan	5.27e-14	nan
58718.46	12.42	nan	5.27e-14	nan
58718.46	18.35	0.01	2.24e-16	3.06e-18
58718.46	12.42	nan	5.27e-14	nan
58722.43	12.38	nan	5.45e-14	nan
58722.43	18.41	0.02	2.11e-16	3.38e-18
58722.43	12.37	nan	5.48e-14	nan
58722.43	12.39	nan	5.40e-14	nan
58722.43	12.39	nan	5.40e-14	nan
58722.43	12.38	nan	5.44e-14	nan
58722.43	12.38	nan	5.47e-14	nan
58722.43	18.36	0.02	2.20e-16	3.35e-18
58723.45	18.39	0.02	2.15e-16	3.69e-18
58723.45	12.39	nan	5.41e-14	nan
58723.45	12.39	nan	5.42e-14	nan
58723.45	12.38	nan	5.47e-14	nan
58723.45	12.39	nan	5.42e-14	nan
58723.45	12.38	nan	5.44e-14	nan
58723.45	12.39	nan	5.39e-14	nan
58723.45	18.35	0.02	2.22e-16	3.65e-18
58724.45	18.36	0.02	2.20e-16	4.15e-18
58724.45	12.39	nan	5.39e-14	nan
58724.45	12.40	nan	5.34e-14	nan
58724.45	18.40	0.01	2.14e-16	2.66e-18
58724.45	12.39	nan	5.38e-14	nan
58724.45	12.39	nan	5.42e-14	nan
58724.45	12.40	nan	5.37e-14	nan
58724.45	18.40	0.01	2.14e-16	2.84e-18
58724.45	12.40	nan	5.36e-14	nan
58725.39	12.42	nan	5.27e-14	nan
58725.39	18.35	0.02	2.23e-16	3.40e-18
58725.39	12.41	nan	5.32e-14	nan
58725.39	12.40	nan	5.33e-14	nan
58725.39	18.36	0.02	2.21e-16	3.54e-18
58725.39	12.42	nan	5.24e-14	nan
58725.39	12.41	nan	5.30e-14	nan
58725.39	12.40	nan	5.33e-14	nan
58726.41	12.41	nan	5.30e-14	nan
58726.41	12.40	nan	5.33e-14	nan
58726.41	12.42	nan	5.25e-14	nan
58726.41	18.37	0.02	2.19e-16	3.52e-18
58726.41	12.41	nan	5.28e-14	nan
58726.41	12.40	nan	5.36e-14	nan
58726.41	18.37	0.02	2.19e-16	3.34e-18
58726.41	12.40	nan	5.33e-14	nan
58727.43	18.37	0.01	2.20e-16	2.84e-18
58727.43	12.38	nan	5.44e-14	nan
58727.43	12.38	nan	5.44e-14	nan
58727.43	12.37	nan	5.48e-14	nan
58727.43	18.38	0.02	2.17e-16	3.40e-18
58727.43	12.37	nan	5.48e-14	nan
58727.43	12.38	nan	5.44e-14	nan
58727.43	12.38	nan	5.47e-14	nan
58727.45	18.37	0.02	2.19e-16	4.55e-18
58730.47	18.32	0.02	2.30e-16	3.49e-18
58733.45	18.35	0.02	2.24e-16	4.26e-18
58734.40	12.42	nan	5.26e-14	nan
58734.40	12.41	nan	5.30e-14	nan
58734.40	12.43	nan	5.21e-14	nan
58734.40	18.38	0.01	2.18e-16	2.37e-18
58734.40	18.41	0.01	2.12e-16	1.90e-18
58734.40	12.41	nan	5.28e-14	nan
58734.40	12.42	nan	5.24e-14	nan
58734.40	12.42	nan	5.27e-14	nan
58736.46	18.41	0.02	2.12e-16	4.02e-18
58737.42	12.40	nan	5.33e-14	nan
58737.42	12.42	nan	5.26e-14	nan
58737.42	12.40	nan	5.35e-14	nan
58737.42	18.35	0.03	2.23e-16	6.14e-18
58737.43	12.40	nan	5.35e-14	nan
58737.43	12.40	nan	5.36e-14	nan
58737.43	18.36	0.03	2.22e-16	5.87e-18
58737.43	12.40	nan	5.35e-14	nan
58738.42	18.38	0.04	2.18e-16	8.25e-18
58739.50	18.28	0.05	2.37e-16	1.15e-17
58739.50	18.33	0.06	2.27e-16	1.18e-17
58743.40	18.38	0.09	2.16e-16	1.76e-17
58746.38	18.42	0.01	2.09e-16	2.41e-18
58746.41	12.40	nan	5.36e-14	nan
58746.41	18.38	0.03	2.17e-16	5.16e-18
58746.41	12.39	nan	5.40e-14	nan
58746.41	12.41	nan	5.32e-14	nan
58746.41	12.40	nan	5.36e-14	nan
58746.41	12.39	nan	5.38e-14	nan
58746.41	12.40	nan	5.33e-14	nan
58746.41	18.34	0.03	2.25e-16	6.61e-18
58748.26	18.33	0.01	2.27e-16	1.98e-18
58749.32	18.33	0.02	2.27e-16	4.08e-18
58749.43	12.35	nan	5.62e-14	nan
58749.43	18.38	0.01	2.18e-16	2.72e-18
58749.43	12.35	nan	5.60e-14	nan
58749.43	12.34	nan	5.66e-14	nan
58749.43	12.34	nan	5.64e-14	nan
58749.43	12.35	nan	5.58e-14	nan
58749.43	18.38	0.00	2.18e-16	8.67e-19
58749.43	12.36	nan	5.57e-14	nan
58750.39	18.32	0.01	2.29e-16	2.08e-18
58750.39	12.33	nan	5.69e-14	nan
58750.39	12.33	nan	5.73e-14	nan
58750.39	12.33	nan	5.73e-14	nan
58750.39	12.33	nan	5.68e-14	nan
58750.39	12.32	nan	5.78e-14	nan
58750.39	18.28	0.01	2.37e-16	2.41e-18
58750.39	12.32	nan	5.74e-14	nan
58757.41	18.36	0.00	2.21e-16	6.09e-19
58758.36	18.34	0.02	2.25e-16	4.16e-18
58758.38	12.40	nan	5.36e-14	nan
58758.38	18.33	0.01	2.26e-16	2.58e-18
58758.38	12.39	nan	5.38e-14	nan
58758.38	12.39	nan	5.40e-14	nan
58758.38	12.40	nan	5.35e-14	nan
58758.38	12.39	nan	5.41e-14	nan
58758.38	18.30	0.01	2.34e-16	2.84e-18
58758.38	12.39	nan	5.38e-14	nan
58760.36	18.30	0.02	2.34e-16	4.04e-18
58760.37	18.29	0.02	2.35e-16	3.59e-18
58760.38	18.32	0.00	2.30e-16	5.73e-19
58760.38	12.41	nan	5.31e-14	nan
58760.38	12.40	nan	5.34e-14	nan
58760.38	12.40	nan	5.33e-14	nan
58760.38	12.40	nan	5.35e-14	nan
58760.38	12.39	nan	5.41e-14	nan
58760.38	18.31	0.00	2.30e-16	8.17e-19
58760.38	12.39	nan	5.42e-14	nan
58763.38	18.33	0.02	2.28e-16	3.58e-18
58763.39	18.32	0.02	2.28e-16	3.78e-18
58764.16	18.28	0.02	2.38e-16	5.25e-18
58764.29	12.36	nan	5.58e-14	nan
58764.29	12.36	nan	5.54e-14	nan
58764.29	18.34	0.02	2.26e-16	4.54e-18
58764.29	12.37	nan	5.50e-14	nan
58764.29	12.36	nan	5.54e-14	nan
58764.29	18.28	0.02	2.39e-16	4.31e-18
58764.29	12.38	nan	5.43e-14	nan
58764.29	12.38	nan	5.44e-14	nan
58765.16	18.33	0.03	2.26e-16	7.04e-18
58766.16	18.29	0.05	2.37e-16	1.10e-17
58766.29	12.40	nan	5.34e-14	nan
58766.29	12.40	nan	5.37e-14	nan
58766.29	12.40	nan	5.34e-14	nan
58766.29	18.28	0.05	2.37e-16	1.03e-17
58766.29	12.41	nan	5.31e-14	nan
58766.29	12.41	nan	5.32e-14	nan
58766.29	12.41	nan	5.32e-14	nan
58766.29	18.31	0.05	2.31e-16	1.01e-17
58767.16	18.33	0.13	2.28e-16	2.66e-17
58767.32	12.39	nan	5.40e-14	nan
58767.32	12.39	nan	5.42e-14	nan
58767.32	18.16	0.09	2.65e-16	2.11e-17
58767.32	12.38	nan	5.47e-14	nan
58767.32	12.38	nan	5.43e-14	nan
58767.32	12.38	nan	5.44e-14	nan
58767.32	12.39	nan	5.40e-14	nan
58767.32	18.40	0.10	2.13e-16	2.02e-17
58768.16	18.21	0.07	2.53e-16	1.64e-17
58768.31	18.32	0.07	2.30e-16	1.54e-17
58768.31	12.38	nan	5.43e-14	nan
58768.31	12.39	nan	5.41e-14	nan
58768.31	12.39	nan	5.42e-14	nan
58768.31	12.37	nan	5.49e-14	nan
58768.31	18.21	0.06	2.53e-16	1.46e-17
58768.31	12.39	nan	5.38e-14	nan
58768.31	12.40	nan	5.36e-14	nan
58769.16	18.14	0.09	2.72e-16	2.35e-17
58770.16	18.39	0.14	2.15e-16	2.69e-17
58771.16	18.33	0.10	2.28e-16	2.16e-17
58772.16	18.24	0.06	2.46e-16	1.34e-17
58772.25	12.40	nan	5.35e-14	nan
58772.25	12.38	nan	5.44e-14	nan
58772.25	18.38	0.06	2.17e-16	1.11e-17
58772.25	12.39	nan	5.39e-14	nan
58772.28	12.21	nan	6.35e-14	nan
58772.28	12.24	nan	6.21e-14	nan
58772.28	12.23	nan	6.26e-14	nan
58772.28	18.33	0.09	2.27e-16	1.92e-17
58773.16	18.25	0.07	2.45e-16	1.52e-17
58774.16	18.34	0.02	2.25e-16	4.53e-18
58775.16	18.33	0.01	2.26e-16	1.39e-18
58776.16	18.33	0.02	2.26e-16	3.23e-18
58777.16	18.34	0.01	2.25e-16	2.96e-18
58778.16	18.32	0.01	2.29e-16	2.18e-18
58779.16	18.34	0.01	2.26e-16	3.07e-18
58781.16	18.40	0.03	2.14e-16	5.76e-18
58782.16	18.38	0.02	2.18e-16	3.26e-18
58783.16	18.43	0.01	2.07e-16	1.95e-18
58785.16	18.42	0.01	2.10e-16	2.55e-18
58786.16	18.44	0.01	2.05e-16	2.13e-18
58787.16	18.41	0.00	2.11e-16	4.81e-19
58788.16	18.39	0.02	2.16e-16	3.96e-18
58789.16	18.44	0.01	2.05e-16	2.27e-18
58790.26	18.39	0.02	2.16e-16	3.31e-18
58793.19	18.35	0.02	2.23e-16	3.76e-18
58794.21	18.33	0.02	2.27e-16	5.18e-18
58796.18	18.43	0.05	2.07e-16	1.04e-17
58796.18	18.19	0.04	2.59e-16	1.04e-17
58800.19	18.34	0.05	2.24e-16	1.04e-17
58802.22	18.34	0.03	2.24e-16	6.45e-18
58811.23	18.39	0.01	2.15e-16	2.68e-18
58811.23	18.39	0.01	2.15e-16	2.76e-18
58814.11	18.28	0.15	2.39e-16	3.30e-17
58819.19	18.28	0.10	2.38e-16	2.18e-17
58828.11	18.41	0.09	2.11e-16	1.65e-17
58830.20	18.35	0.04	2.24e-16	7.57e-18
58831.12	18.35	0.03	2.23e-16	5.21e-18
58835.13	18.27	0.11	2.40e-16	2.45e-17
58838.13	18.44	0.06	2.05e-16	1.04e-17
58846.10	18.43	0.02	2.07e-16	3.73e-18
58850.17	18.36	0.03	2.20e-16	5.46e-18
58853.09	18.40	0.06	2.13e-16	1.13e-17
58856.09	18.47	0.04	2.00e-16	6.87e-18
58859.09	18.44	0.05	2.05e-16	9.85e-18
58862.11	18.46	0.02	2.02e-16	4.47e-18
58864.14	18.39	0.02	2.16e-16	3.68e-18
58867.13	18.21	0.13	2.54e-16	3.03e-17
58871.16	18.50	0.03	1.95e-16	5.32e-18
58874.16	18.42	0.02	2.10e-16	4.36e-18
58877.18	18.39	0.03	2.16e-16	6.25e-18
58880.11	18.43	0.02	2.08e-16	4.38e-18
58884.10	18.48	0.11	1.98e-16	1.98e-17
58887.18	18.47	0.10	2.00e-16	1.79e-17
58891.16	18.37	0.04	2.19e-16	7.34e-18
58895.13	18.47	0.03	2.01e-16	5.01e-18
59024.38	18.53	0.03	1.88e-16	5.47e-18
59030.36	18.49	0.08	1.96e-16	1.43e-17
59033.45	18.39	0.03	2.15e-16	5.31e-18
59036.48	18.37	0.05	2.19e-16	1.02e-17
59037.35	18.28	0.08	2.38e-16	1.74e-17
59038.46	18.43	0.04	2.07e-16	7.63e-18
59039.36	18.48	0.07	1.98e-16	1.20e-17
59040.48	18.50	0.02	1.95e-16	3.70e-18
59040.49	18.42	0.03	2.09e-16	5.66e-18
59042.36	18.38	0.04	2.18e-16	8.01e-18
59043.36	18.49	0.03	1.95e-16	4.96e-18
59044.36	18.53	0.01	1.88e-16	2.19e-18
59045.45	18.55	0.03	1.85e-16	4.34e-18
59046.47	18.55	0.02	1.85e-16	3.98e-18
59047.45	18.55	0.03	1.85e-16	4.58e-18
59047.49	18.44	0.02	2.05e-16	4.12e-18
59048.46	18.59	0.03	1.79e-16	4.34e-18
59048.46	18.58	0.03	1.81e-16	4.66e-18
59048.48	18.47	0.02	2.00e-16	4.09e-18
59049.46	18.53	0.03	1.89e-16	4.61e-18
59050.44	18.59	0.03	1.78e-16	4.54e-18
59051.44	18.63	0.03	1.72e-16	4.48e-18
59051.45	18.56	0.03	1.84e-16	4.53e-18
59052.47	18.59	0.03	1.78e-16	4.75e-18
59052.48	18.53	0.02	1.89e-16	3.95e-18
59053.44	18.63	0.03	1.73e-16	4.77e-18
59054.48	18.59	0.03	1.79e-16	4.53e-18
59054.48	18.62	0.03	1.74e-16	4.70e-18
59055.42	18.55	0.03	1.85e-16	4.31e-18
59056.44	18.53	0.03	1.89e-16	4.51e-18
59057.43	18.65	0.03	1.69e-16	4.46e-18
59057.44	18.59	0.03	1.78e-16	4.53e-18
59059.42	18.57	0.03	1.82e-16	4.56e-18
59060.47	18.61	0.03	1.76e-16	4.77e-18
59060.47	18.57	0.03	1.82e-16	4.71e-18
59061.46	18.58	0.03	1.80e-16	4.53e-18
59062.44	18.50	0.01	1.95e-16	1.74e-18
59063.46	18.54	0.02	1.88e-16	3.98e-18
59063.46	18.45	0.02	2.04e-16	3.31e-18
59065.46	18.37	0.07	2.19e-16	1.35e-17
59066.42	18.59	0.05	1.80e-16	8.63e-18
59066.42	18.50	0.05	1.94e-16	9.61e-18
59066.42	18.40	0.04	2.13e-16	7.86e-18
59067.40	18.52	0.04	1.91e-16	7.78e-18
59068.46	18.54	0.04	1.87e-16	6.20e-18
59069.38	18.48	0.03	1.98e-16	5.56e-18
59069.38	18.51	0.04	1.93e-16	6.35e-18
59071.42	18.50	0.01	1.94e-16	1.80e-18
59071.48	18.50	0.01	1.95e-16	1.23e-18
59072.38	18.53	0.01	1.89e-16	1.17e-18
59072.38	18.55	0.01	1.86e-16	2.52e-18
59072.46	18.55	0.01	1.85e-16	1.88e-18
59073.38	18.55	0.01	1.85e-16	2.21e-18
59073.38	18.52	0.01	1.91e-16	2.04e-18
59074.46	18.60	0.04	1.77e-16	5.86e-18
59075.38	18.61	0.03	1.75e-16	4.30e-18
59075.38	18.64	0.03	1.71e-16	4.05e-18
59075.38	18.65	0.03	1.69e-16	4.01e-18
59076.44	18.64	0.02	1.71e-16	3.77e-18
59076.44	18.58	0.02	1.80e-16	3.48e-18
59076.50	18.58	0.02	1.81e-16	4.07e-18
59077.39	18.68	0.03	1.65e-16	4.53e-18
59077.40	18.62	0.03	1.74e-16	4.65e-18
59077.40	18.62	0.03	1.74e-16	4.60e-18
59078.40	18.64	0.02	1.71e-16	3.91e-18
59079.47	18.67	0.03	1.66e-16	4.50e-18
59079.47	18.79	0.03	1.49e-16	4.07e-18
59080.42	18.67	0.03	1.66e-16	3.91e-18
59080.42	18.65	0.03	1.70e-16	4.07e-18
59080.42	18.64	0.03	1.71e-16	4.20e-18
59081.35	18.68	0.02	1.65e-16	3.53e-18
59081.46	18.68	0.03	1.65e-16	3.95e-18
59081.47	18.65	0.03	1.70e-16	4.39e-18
59082.35	18.67	0.10	1.66e-16	1.58e-17
59082.38	18.74	0.02	1.56e-16	2.72e-18
59082.38	18.76	0.05	1.53e-16	6.45e-18
59084.46	18.68	0.03	1.64e-16	4.54e-18
59084.48	18.70	0.03	1.62e-16	4.31e-18
59085.36	18.72	0.03	1.59e-16	4.69e-18
59085.38	18.64	0.03	1.71e-16	4.77e-18
59085.38	18.64	0.03	1.70e-16	4.68e-18
59086.47	18.64	0.03	1.71e-16	4.38e-18
59086.47	18.63	0.03	1.73e-16	4.21e-18
59087.46	18.70	0.03	1.61e-16	3.71e-18
59087.48	18.61	0.02	1.76e-16	3.83e-18
59088.47	18.61	0.02	1.76e-16	3.92e-18
59089.33	18.50	0.02	1.95e-16	3.12e-18
59089.38	18.62	0.03	1.74e-16	4.31e-18
59089.41	18.63	0.03	1.73e-16	4.51e-18
59090.33	18.49	0.04	1.97e-16	7.64e-18
59090.40	18.59	0.02	1.79e-16	3.85e-18
59091.31	18.50	0.04	1.94e-16	6.92e-18
59091.45	18.57	0.03	1.82e-16	4.48e-18
59092.34	18.51	0.05	1.93e-16	8.57e-18
59093.42	18.55	0.06	1.85e-16	9.72e-18
59094.47	18.62	0.10	1.73e-16	1.67e-17
59099.39	18.58	0.05	1.80e-16	7.96e-18
59106.40	18.71	0.02	1.61e-16	2.82e-18
59106.40	18.78	0.01	1.51e-16	1.98e-18
59107.38	18.73	0.02	1.57e-16	2.86e-18
59108.36	18.74	0.03	1.56e-16	3.62e-18
59109.32	18.66	0.02	1.67e-16	3.11e-18
59109.34	18.70	0.02	1.62e-16	2.33e-18
59109.34	18.76	0.01	1.53e-16	1.51e-18
59110.35	18.64	0.02	1.71e-16	3.41e-18
59111.33	18.61	0.03	1.75e-16	4.36e-18
59111.37	18.60	0.02	1.77e-16	3.86e-18
59112.32	18.68	0.03	1.64e-16	4.73e-18
59112.32	18.65	0.03	1.69e-16	4.69e-18
59113.38	18.64	0.03	1.71e-16	4.51e-18
59113.39	18.65	0.03	1.69e-16	4.35e-18
59114.32	18.68	0.03	1.65e-16	4.65e-18
59114.34	18.70	0.03	1.62e-16	4.51e-18
59115.43	18.64	0.03	1.71e-16	4.06e-18
59115.43	18.61	0.03	1.75e-16	4.28e-18
59116.26	18.60	0.02	1.77e-16	4.03e-18
59116.31	18.62	0.03	1.75e-16	4.60e-18
59117.27	18.58	0.02	1.81e-16	2.80e-18
59117.33	18.70	0.03	1.62e-16	4.64e-18
59118.37	18.68	0.03	1.64e-16	4.70e-18
59118.37	18.67	0.03	1.66e-16	4.59e-18
59119.34	18.54	0.02	1.87e-16	2.59e-18
59119.36	18.61	0.01	1.75e-16	1.07e-18
59120.26	18.50	0.05	1.94e-16	8.16e-18
59121.31	18.45	0.03	2.04e-16	6.55e-18
59121.42	18.56	0.05	1.84e-16	8.82e-18
59122.25	18.58	0.06	1.81e-16	1.05e-17
59123.38	18.60	0.09	1.77e-16	1.50e-17
59123.38	18.61	0.10	1.76e-16	1.68e-17
59125.39	18.67	0.07	1.66e-16	1.10e-17
59125.39	18.65	0.07	1.69e-16	1.08e-17
59126.28	18.43	0.06	2.07e-16	1.09e-17
59127.25	18.57	0.11	1.82e-16	1.81e-17
59128.29	18.52	0.04	1.91e-16	7.37e-18
59129.33	18.57	0.00	1.81e-16	6.30e-19
59129.34	18.60	0.00	1.77e-16	3.68e-19
59130.25	18.64	0.02	1.71e-16	3.60e-18
59131.34	18.67	0.03	1.66e-16	3.97e-18
59131.34	18.57	0.01	1.83e-16	2.18e-18
59134.27	18.70	0.03	1.62e-16	4.40e-18
59134.27	18.65	0.02	1.70e-16	3.48e-18
59135.25	18.69	0.03	1.63e-16	4.64e-18
59136.24	18.68	0.03	1.64e-16	4.29e-18
59137.24	18.68	0.03	1.64e-16	3.80e-18
59138.23	18.76	0.03	1.53e-16	3.66e-18
59138.23	18.63	0.02	1.72e-16	3.33e-18
59139.21	18.68	0.03	1.64e-16	4.46e-18
59140.21	18.75	0.03	1.55e-16	4.61e-18
59140.28	18.68	0.03	1.64e-16	4.58e-18
59141.30	18.70	0.03	1.62e-16	4.61e-18
59143.36	18.67	0.03	1.66e-16	4.35e-18
59144.32	18.72	0.03	1.58e-16	4.78e-18
59144.33	18.79	0.04	1.48e-16	4.83e-18
59145.27	18.67	0.03	1.66e-16	4.83e-18
59146.33	18.78	0.08	1.50e-16	1.05e-17
59146.33	18.92	0.06	1.31e-16	7.70e-18
59149.41	18.53	0.05	1.90e-16	9.53e-18
59149.41	18.55	0.06	1.86e-16	9.93e-18
59151.20	18.65	0.06	1.69e-16	8.77e-18
59153.23	18.51	0.07	1.92e-16	1.19e-17
59154.30	18.55	0.07	1.85e-16	1.15e-17
59155.19	18.72	0.06	1.59e-16	8.49e-18
59155.23	18.64	0.05	1.71e-16	7.54e-18
59157.27	18.63	0.06	1.72e-16	8.94e-18
59157.27	18.55	0.04	1.85e-16	6.56e-18
59158.17	18.62	0.01	1.74e-16	2.13e-18
59164.26	18.65	0.01	1.69e-16	1.78e-18
59164.27	18.67	0.02	1.67e-16	3.07e-18
59165.17	18.73	0.03	1.57e-16	4.47e-18
59167.33	18.65	0.01	1.69e-16	1.69e-18
59168.20	18.72	0.03	1.59e-16	4.28e-18
59168.21	18.71	0.03	1.60e-16	4.19e-18
59169.24	18.67	0.02	1.65e-16	3.77e-18
59170.21	18.68	0.03	1.64e-16	4.54e-18
59170.25	18.70	0.03	1.62e-16	4.49e-18
59171.25	18.70	0.03	1.62e-16	3.98e-18
59172.21	18.70	0.03	1.62e-16	4.24e-18
59173.20	18.73	0.03	1.57e-16	4.51e-18
59176.23	18.79	0.12	1.49e-16	1.69e-17
59176.23	18.61	0.09	1.76e-16	1.38e-17
59178.14	18.60	0.04	1.78e-16	5.82e-18
59179.21	18.63	0.05	1.73e-16	8.38e-18
59179.21	18.60	0.05	1.78e-16	8.75e-18
59181.19	18.59	0.07	1.79e-16	1.24e-17
59183.19	18.63	0.07	1.73e-16	1.10e-17
59184.19	18.59	0.06	1.78e-16	9.35e-18
59185.11	18.62	0.03	1.73e-16	5.09e-18
59185.11	18.52	0.03	1.90e-16	5.59e-18
59187.13	18.71	0.02	1.60e-16	3.41e-18
59187.13	18.72	0.03	1.58e-16	3.92e-18
59188.18	18.66	0.02	1.67e-16	2.64e-18
59189.15	18.62	0.01	1.74e-16	9.89e-19
59189.15	18.65	0.01	1.69e-16	2.07e-18
59193.18	18.65	0.02	1.69e-16	2.60e-18
59194.19	18.74	0.02	1.56e-16	3.07e-18
59194.21	18.71	0.02	1.60e-16	3.23e-18
59195.17	18.72	0.03	1.59e-16	4.58e-18
59198.16	18.68	0.01	1.64e-16	2.22e-18
59198.18	18.70	0.01	1.62e-16	2.02e-18
59199.17	18.72	0.01	1.59e-16	1.51e-18
59199.17	18.70	0.01	1.62e-16	1.74e-18
59200.16	18.79	0.02	1.49e-16	2.97e-18
59202.17	18.69	0.00	1.63e-16	4.09e-19
59202.17	18.69	0.02	1.63e-16	2.58e-18
59203.18	18.61	0.02	1.75e-16	2.81e-18
59204.22	18.70	0.04	1.61e-16	5.43e-18
59204.22	18.65	0.03	1.69e-16	4.56e-18
59205.11	18.67	0.02	1.66e-16	2.67e-18
59206.17	18.41	0.15	2.10e-16	2.93e-17
59206.18	18.92	nan	1.32e-16	nan
59207.16	17.94	nan	3.25e-16	nan
59210.20	18.70	0.06	1.61e-16	8.80e-18
59210.20	18.62	0.06	1.73e-16	9.47e-18
59210.20	18.74	0.06	1.56e-16	8.55e-18
59211.11	18.60	0.05	1.78e-16	7.46e-18
59211.11	18.69	0.06	1.63e-16	8.31e-18
59215.09	18.69	0.01	1.63e-16	1.33e-18
59215.09	18.68	0.00	1.65e-16	6.49e-19
59216.14	18.74	0.03	1.56e-16	3.68e-18
59216.14	18.76	0.03	1.53e-16	3.63e-18
59216.14	18.76	0.02	1.53e-16	2.39e-18
59217.18	17.15	nan	6.76e-16	nan
59217.18	17.99	nan	3.11e-16	nan
59218.11	18.71	0.02	1.61e-16	2.49e-18
59218.11	18.69	0.02	1.63e-16	2.37e-18
59218.12	18.75	0.03	1.55e-16	3.60e-18
59219.11	18.74	0.03	1.56e-16	4.01e-18
59219.12	18.76	0.03	1.54e-16	4.41e-18
59220.13	18.72	0.03	1.59e-16	3.91e-18
59220.13	18.75	0.02	1.55e-16	3.31e-18
59221.13	18.76	0.07	1.53e-16	9.38e-18
59222.16	19.03	nan	1.19e-16	nan
59222.16	18.40	nan	2.12e-16	nan
59223.15	18.74	0.02	1.55e-16	2.57e-18
59224.15	18.67	0.01	1.66e-16	1.66e-18
59224.16	18.66	0.01	1.68e-16	1.20e-18
59225.25	18.74	0.07	1.55e-16	9.80e-18
59226.19	18.81	0.08	1.46e-16	1.03e-17
59226.19	18.68	0.06	1.65e-16	8.79e-18
59227.11	18.78	0.02	1.51e-16	2.81e-18
59229.17	18.69	0.05	1.64e-16	7.00e-18
59229.19	18.74	0.06	1.56e-16	9.00e-18
59230.16	18.66	0.01	1.67e-16	1.89e-18
59231.11	18.75	0.02	1.54e-16	2.40e-18
59231.11	18.69	0.01	1.63e-16	1.40e-18
59233.13	18.73	0.01	1.58e-16	1.02e-18
59233.16	18.72	0.04	1.59e-16	5.37e-18
59252.13	18.77	0.01	1.52e-16	1.80e-18
59256.13	18.76	0.04	1.52e-16	4.98e-18
59385.43	18.89	0.02	1.36e-16	2.06e-18
59387.39	19.31	nan	9.20e-17	nan
59390.45	18.95	0.09	1.28e-16	1.02e-17
59391.45	18.83	0.08	1.43e-16	1.03e-17
59392.46	18.87	0.09	1.38e-16	1.11e-17
59393.37	18.63	0.11	1.73e-16	1.74e-17
59393.37	18.67	0.10	1.66e-16	1.59e-17
59394.38	18.76	0.10	1.53e-16	1.38e-17
59395.43	18.96	0.09	1.28e-16	1.11e-17
59396.45	18.85	0.05	1.41e-16	6.77e-18
59396.45	18.85	0.06	1.41e-16	7.45e-18
59397.45	18.86	0.02	1.40e-16	3.13e-18
59397.45	18.89	0.03	1.35e-16	3.14e-18
59400.40	18.96	0.03	1.27e-16	2.96e-18
59400.41	18.91	0.02	1.33e-16	2.65e-18
59401.41	18.90	0.03	1.35e-16	3.14e-18
59401.42	18.92	0.03	1.32e-16	3.34e-18
59402.45	18.92	0.03	1.31e-16	3.40e-18
59402.45	18.96	0.03	1.27e-16	3.88e-18
59403.40	19.00	0.03	1.23e-16	3.49e-18
59404.41	18.91	0.01	1.33e-16	1.79e-18
59405.46	18.82	0.01	1.44e-16	1.34e-18
59409.43	19.11	0.04	1.11e-16	3.71e-18
59411.41	19.01	0.03	1.21e-16	3.54e-18
59414.42	19.03	0.04	1.19e-16	4.23e-18
59417.44	18.88	0.04	1.37e-16	5.24e-18
59422.46	18.93	0.06	1.31e-16	6.88e-18
59424.44	19.01	0.05	1.21e-16	5.89e-18
59425.37	19.01	0.07	1.22e-16	8.11e-18
59425.43	18.95	0.11	1.29e-16	1.36e-17
59426.38	18.93	0.03	1.31e-16	3.80e-18
59426.38	19.01	0.04	1.21e-16	4.23e-18
59427.37	18.91	0.02	1.33e-16	1.86e-18
59428.31	18.91	0.03	1.34e-16	3.24e-18
59428.45	18.93	0.03	1.31e-16	3.40e-18
59428.45	19.02	0.03	1.20e-16	3.77e-18
59429.32	19.04	0.03	1.18e-16	3.77e-18
59429.45	19.00	0.04	1.23e-16	4.28e-18
59430.41	19.09	0.04	1.13e-16	4.47e-18
59430.43	19.03	0.04	1.20e-16	4.28e-18
59430.46	19.00	0.04	1.22e-16	4.43e-18
59434.44	19.00	0.04	1.23e-16	4.67e-18
59434.46	19.08	0.04	1.13e-16	4.62e-18
59435.39	19.06	0.04	1.16e-16	3.75e-18
59435.44	19.09	0.04	1.13e-16	4.59e-18
59435.44	19.07	0.04	1.15e-16	4.38e-18
59436.43	19.07	0.04	1.15e-16	4.43e-18
59436.46	19.12	0.05	1.09e-16	4.60e-18
59438.39	19.11	0.04	1.11e-16	4.13e-18
59438.44	19.13	0.04	1.09e-16	4.42e-18
59439.42	19.10	0.04	1.12e-16	3.81e-18
59439.46	19.17	0.04	1.05e-16	4.09e-18
59441.28	19.10	0.03	1.12e-16	2.88e-18
59442.32	19.03	0.03	1.19e-16	2.94e-18
59442.33	19.14	0.04	1.08e-16	3.89e-18
59443.33	19.03	0.02	1.19e-16	2.03e-18
59446.47	19.19	0.05	1.02e-16	4.71e-18
59446.47	19.15	0.05	1.07e-16	4.67e-18
59448.32	19.12	0.14	1.10e-16	1.42e-17
59449.24	18.92	0.17	1.32e-16	2.04e-17
59449.26	18.99	0.14	1.24e-16	1.64e-17
59450.46	18.83	0.15	1.43e-16	1.92e-17
59451.24	19.59	nan	7.10e-17	nan
59452.35	18.93	0.06	1.31e-16	7.77e-18
59452.48	18.35	nan	2.24e-16	nan
59453.37	18.97	0.03	1.26e-16	3.73e-18
59453.39	18.94	0.04	1.29e-16	4.33e-18
59454.36	19.04	0.01	1.18e-16	1.52e-18
59454.42	18.96	0.02	1.27e-16	2.02e-18
59455.34	19.09	0.03	1.13e-16	3.48e-18
59456.32	18.93	0.02	1.31e-16	2.55e-18
59456.33	19.06	0.03	1.16e-16	2.88e-18
59458.28	19.09	0.04	1.13e-16	4.27e-18
59459.32	19.12	0.05	1.10e-16	4.76e-18
59459.32	19.21	0.05	1.01e-16	4.61e-18
59460.38	19.08	0.04	1.14e-16	4.44e-18
59460.42	19.14	0.05	1.08e-16	4.50e-18
59461.24	19.01	0.03	1.21e-16	3.36e-18
59461.42	19.05	0.04	1.17e-16	4.66e-18
59462.32	19.08	0.04	1.14e-16	4.24e-18
59462.48	19.13	0.04	1.08e-16	4.42e-18
59463.35	19.05	0.04	1.17e-16	4.17e-18
59463.35	19.17	0.05	1.05e-16	4.50e-18
59463.43	19.13	0.05	1.09e-16	4.69e-18
59465.32	19.16	0.04	1.06e-16	4.14e-18
59465.43	19.19	0.05	1.03e-16	4.38e-18
59465.43	19.13	0.04	1.08e-16	4.49e-18
59466.33	19.19	0.05	1.03e-16	4.43e-18
59466.43	19.15	0.05	1.07e-16	4.53e-18
59467.43	19.16	0.04	1.06e-16	4.33e-18
59467.44	19.21	0.05	1.01e-16	4.42e-18
59468.43	19.09	0.04	1.13e-16	4.64e-18
59469.42	19.08	0.04	1.14e-16	4.57e-18
59470.38	19.10	0.04	1.12e-16	4.49e-18
59470.40	19.15	0.05	1.07e-16	4.43e-18
59471.29	19.18	0.02	1.04e-16	2.29e-18
59472.41	19.09	0.04	1.13e-16	4.38e-18
59472.41	19.17	0.05	1.05e-16	4.52e-18
59472.42	19.20	0.05	1.02e-16	4.45e-18
59473.38	19.21	0.05	1.01e-16	4.58e-18
59474.36	18.99	0.01	1.23e-16	1.26e-18
59474.42	19.14	0.04	1.08e-16	4.21e-18
59474.42	19.18	0.05	1.04e-16	4.62e-18
59476.47	19.16	0.07	1.06e-16	7.00e-18
59477.30	19.02	0.08	1.20e-16	9.30e-18
59477.32	19.22	0.10	9.97e-17	9.15e-18
59477.39	18.88	0.07	1.36e-16	9.34e-18
59478.45	18.87	0.12	1.39e-16	1.50e-17
59479.18	18.83	0.18	1.43e-16	2.35e-17
59479.22	19.11	0.15	1.11e-16	1.51e-17
59479.50	19.00	0.13	1.23e-16	1.49e-17
59480.42	18.83	0.11	1.43e-16	1.43e-17
59483.26	19.05	0.09	1.17e-16	9.95e-18
59484.37	19.14	0.03	1.08e-16	2.63e-18
59484.42	19.04	0.05	1.18e-16	5.40e-18
59485.27	19.10	0.02	1.11e-16	1.89e-18
59485.28	19.12	0.06	1.09e-16	6.53e-18
59485.35	19.12	nan	1.09e-16	nan
59487.41	19.12	0.02	1.10e-16	2.40e-18
59487.44	19.01	0.01	1.22e-16	1.61e-18
59488.25	19.14	0.03	1.08e-16	3.42e-18
59488.26	19.16	0.04	1.06e-16	3.88e-18
59489.32	19.17	0.03	1.05e-16	3.07e-18
59489.37	19.17	0.04	1.04e-16	4.06e-18
59490.34	19.29	0.05	9.37e-17	4.52e-18
59491.37	18.85	nan	1.41e-16	nan
59494.34	19.21	0.03	1.01e-16	3.18e-18
59498.34	19.23	0.05	9.93e-17	4.33e-18
59498.35	19.18	0.04	1.04e-16	4.19e-18
59502.21	19.13	0.06	1.08e-16	6.05e-18
59502.39	19.10	0.02	1.12e-16	2.26e-18
59502.42	18.95	0.04	1.28e-16	5.02e-18
59503.22	19.13	0.07	1.09e-16	7.36e-18
59503.34	19.00	0.07	1.23e-16	7.48e-18
59504.38	19.21	0.07	1.01e-16	6.55e-18
59504.41	19.06	0.09	1.16e-16	9.96e-18
59505.18	19.15	0.11	1.07e-16	1.05e-17
59512.19	19.15	0.02	1.07e-16	1.57e-18
59512.22	19.10	0.02	1.11e-16	1.71e-18
59517.18	19.22	0.05	1.00e-16	4.46e-18
59517.22	19.25	0.05	9.76e-17	4.47e-18
59518.27	19.22	0.05	1.00e-16	4.60e-18
59518.27	19.18	0.05	1.04e-16	4.72e-18
59520.30	19.19	0.05	1.03e-16	4.61e-18
59520.36	19.22	0.04	9.98e-17	3.56e-18
59521.20	19.24	0.05	9.81e-17	4.53e-18
59521.21	19.31	0.05	9.21e-17	4.32e-18
59521.31	19.22	0.05	1.00e-16	4.58e-18
59522.23	19.20	0.05	1.02e-16	4.65e-18
59522.36	19.16	0.05	1.05e-16	4.39e-18
59523.19	19.20	0.05	1.02e-16	4.59e-18
59523.20	19.16	0.05	1.06e-16	4.64e-18
59523.31	19.18	0.05	1.04e-16	4.31e-18
59524.15	19.19	0.05	1.03e-16	4.71e-18
59524.31	19.20	0.05	1.02e-16	4.77e-18
59525.19	19.25	0.05	9.71e-17	4.51e-18
59525.21	19.17	0.04	1.04e-16	3.94e-18
59525.24	19.30	0.05	9.31e-17	4.54e-18
59526.19	19.20	0.05	1.02e-16	4.82e-18
59526.32	19.15	0.04	1.07e-16	4.42e-18
59527.16	19.13	0.04	1.09e-16	4.24e-18
59527.21	19.14	0.05	1.08e-16	4.47e-18
59527.21	19.17	0.04	1.05e-16	4.13e-18
59529.26	19.04	0.01	1.18e-16	5.64e-19
59529.32	19.08	0.03	1.14e-16	3.32e-18
59530.13	18.91	0.06	1.33e-16	6.88e-18
59530.14	18.99	0.05	1.23e-16	5.20e-18
59530.28	19.04	0.03	1.18e-16	3.11e-18
59531.21	19.00	0.04	1.23e-16	5.07e-18
59531.34	19.13	0.03	1.09e-16	3.20e-18
59532.19	19.08	0.04	1.14e-16	4.47e-18
59532.25	19.07	0.06	1.15e-16	6.20e-18
59532.25	19.04	0.05	1.18e-16	5.28e-18
59536.36	18.76	0.14	1.53e-16	1.98e-17
59537.23	19.13	0.16	1.09e-16	1.63e-17
59537.28	19.19	0.20	1.03e-16	1.87e-17
59538.19	18.99	0.06	1.24e-16	6.83e-18
59538.32	18.97	0.21	1.26e-16	2.49e-17
59540.25	18.92	0.06	1.32e-16	7.77e-18
59540.26	18.97	0.07	1.26e-16	8.09e-18
59540.39	18.76	0.11	1.53e-16	1.53e-17
59542.26	19.06	0.01	1.17e-16	1.46e-18
59542.30	19.05	0.07	1.18e-16	7.50e-18
59550.22	19.14	0.04	1.08e-16	3.88e-18
59550.22	19.17	0.04	1.05e-16	4.26e-18
59550.25	19.23	0.05	9.96e-17	4.27e-18
59622.14	19.07	0.10	1.15e-16	1.11e-17
59623.16	18.97	0.13	1.26e-16	1.51e-17
59624.14	18.95	0.10	1.28e-16	1.20e-17
59722.46	19.17	0.10	1.05e-16	1.00e-17
59722.47	18.98	0.07	1.25e-16	8.41e-18
59722.47	19.07	0.10	1.15e-16	1.04e-17
59722.47	18.98	0.09	1.25e-16	1.02e-17
59722.47	18.83	0.08	1.43e-16	1.11e-17
59763.46	19.12	0.04	1.10e-16	3.81e-18
59766.43	19.11	0.04	1.10e-16	3.65e-18
59769.43	19.18	0.04	1.04e-16	4.13e-18
59769.46	19.00	0.04	1.23e-16	4.19e-18
59781.41	19.10	0.08	1.12e-16	8.33e-18
59781.44	19.13	0.10	1.08e-16	1.03e-17
59783.43	19.16	0.04	1.06e-16	4.20e-18
59787.39	19.25	0.05	9.78e-17	4.41e-18
59789.39	19.20	0.01	1.02e-16	8.18e-19
59793.45	19.18	0.05	1.04e-16	4.30e-18
59798.41	19.17	0.04	1.05e-16	4.31e-18
59803.46	19.18	0.10	1.04e-16	9.55e-18
59808.32	19.15	0.06	1.06e-16	6.28e-18
59810.37	18.99	0.04	1.24e-16	4.92e-18
59813.34	19.27	0.04	9.54e-17	3.56e-18
59815.42	19.30	0.05	9.33e-17	4.28e-18
59817.42	19.28	0.05	9.44e-17	4.39e-18
59822.45	19.31	0.05	9.23e-17	4.01e-18
59824.40	19.34	0.05	8.94e-17	4.07e-18
59826.37	19.21	0.12	1.01e-16	1.08e-17
59828.47	19.25	0.04	9.73e-17	3.65e-18
59839.31	19.24	0.04	9.87e-17	3.47e-18
59839.36	19.24	0.04	9.83e-17	3.26e-18
59841.28	19.28	0.05	9.51e-17	4.35e-18
59841.33	19.27	0.05	9.59e-17	4.43e-18
59848.38	19.22	0.05	1.00e-16	4.41e-18
59850.39	19.27	0.05	9.53e-17	4.35e-18
59852.36	19.31	0.06	9.22e-17	4.78e-18
59856.26	19.21	0.01	1.01e-16	1.31e-18
59858.41	19.23	0.01	9.93e-17	7.22e-19
59860.34	19.31	0.11	9.23e-17	8.98e-18
59862.22	19.21	0.17	1.01e-16	1.54e-17
59864.39	19.16	0.12	1.06e-16	1.17e-17
59866.27	19.10	0.05	1.12e-16	4.65e-18
59871.25	19.25	0.03	9.72e-17	2.87e-18
59873.22	19.37	0.05	8.71e-17	3.99e-18
59876.30	19.29	0.03	9.41e-17	2.79e-18
59878.19	19.24	0.04	9.80e-17	3.78e-18
59880.24	19.31	0.05	9.18e-17	4.45e-18
59882.22	19.30	0.04	9.31e-17	3.75e-18
59885.26	19.35	0.05	8.91e-17	3.85e-18
59894.35	19.04	0.14	1.18e-16	1.47e-17
59896.22	19.24	0.02	9.86e-17	1.36e-18
59899.24	19.09	0.06	1.13e-16	5.87e-18
59901.22	19.29	0.04	9.40e-17	3.14e-18
59905.22	19.20	0.19	1.02e-16	1.80e-17
59907.13	19.10	0.01	1.11e-16	1.38e-18
59909.20	19.30	0.05	9.32e-17	3.91e-18
59914.22	19.27	0.03	9.53e-17	3.04e-18
59923.22	19.18	0.06	1.04e-16	5.79e-18
59928.20	19.22	0.01	1.00e-16	1.02e-18
59932.13	19.31	0.05	9.17e-17	3.94e-18
59934.18	19.34	0.05	8.93e-17	3.81e-18
59936.17	19.42	0.05	8.31e-17	4.12e-18
59951.20	19.16	0.15	1.05e-16	1.48e-17
59970.16	19.15	0.10	1.07e-16	9.67e-18
59972.13	19.26	0.07	9.68e-17	6.31e-18
59978.13	19.06	0.18	1.16e-16	1.89e-17
59980.10	19.47	0.13	7.98e-17	9.60e-18
59982.10	19.40	0.13	8.49e-17	1.02e-17
59984.14	19.21	0.10	1.01e-16	9.53e-18
59991.14	19.24	0.10	9.83e-17	9.30e-18
60124.41	19.44	0.02	8.19e-17	1.37e-18
60126.42	19.60	0.11	7.05e-17	6.86e-18
60133.46	19.59	0.04	7.15e-17	2.54e-18
60138.43	19.52	0.04	7.56e-17	2.77e-18
60141.34	19.55	0.03	7.40e-17	2.31e-18
60144.44	19.62	0.06	6.94e-17	3.84e-18
60148.46	19.62	0.07	6.89e-17	4.20e-18
60150.42	19.66	0.07	6.66e-17	4.16e-18
60153.44	19.59	0.07	7.13e-17	4.35e-18
60157.47	19.63	0.13	6.84e-17	8.28e-18
60160.40	19.41	0.11	8.41e-17	8.88e-18
60163.46	19.49	0.05	7.77e-17	3.93e-18
60168.40	19.67	0.08	6.64e-17	4.60e-18
60170.35	19.58	0.06	7.21e-17	4.09e-18
60174.43	19.56	0.06	7.33e-17	4.07e-18
60181.37	19.62	0.07	6.90e-17	4.17e-18
60185.48	19.40	0.05	8.51e-17	3.53e-18
60191.44	19.25	0.06	9.77e-17	5.19e-18
60194.31	19.60	0.06	7.06e-17	3.78e-18
60196.33	19.53	0.06	7.53e-17	4.20e-18
60200.49	19.55	0.07	7.38e-17	4.66e-18
60202.41	19.60	0.07	7.03e-17	4.53e-18
60204.35	19.47	0.06	7.92e-17	4.72e-18
60206.41	19.50	0.06	7.75e-17	4.37e-18
60209.35	19.40	0.13	8.45e-17	1.01e-17
60212.41	19.48	0.06	7.87e-17	4.55e-18
60214.38	19.36	0.11	8.77e-17	8.51e-18
60216.36	19.20	0.15	1.02e-16	1.37e-17
60221.36	19.40	0.06	8.49e-17	4.35e-18
60223.32	19.50	0.01	7.76e-17	8.14e-19
60228.25	19.50	0.06	7.76e-17	4.36e-18
60231.22	19.52	0.05	7.61e-17	3.23e-18
60233.35	19.51	0.06	7.64e-17	4.06e-18
60235.20	19.45	0.05	8.10e-17	3.76e-18
60237.23	19.50	0.06	7.70e-17	4.27e-18
60239.26	19.38	0.05	8.65e-17	3.97e-18
60242.36	19.26	0.06	9.66e-17	5.66e-18
60245.30	19.55	0.21	7.41e-17	1.42e-17
