mjd	ab_mag	ab_mag_err	flux_dens	flux_dens_err
58323.48	18.73	0.03	8.73e-17	2.14e-18
58323.48	12.26	nan	3.38e-14	nan
58330.42	12.11	nan	3.90e-14	nan
58330.42	12.01	nan	4.24e-14	nan
58336.46	12.30	nan	3.26e-14	nan
58336.46	18.68	0.03	9.10e-17	2.56e-18
58340.46	18.79	0.04	8.28e-17	2.82e-18
58340.46	12.01	nan	4.27e-14	nan
58343.50	18.79	0.03	8.25e-17	2.03e-18
58343.50	12.29	nan	3.29e-14	nan
58345.48	18.74	0.03	8.68e-17	2.02e-18
58345.48	12.26	nan	3.37e-14	nan
58346.44	18.76	0.03	8.49e-17	2.10e-18
58346.44	12.17	nan	3.67e-14	nan
58346.45	12.20	nan	3.56e-14	nan
58346.45	18.73	0.02	8.76e-17	1.97e-18
58347.44	12.25	nan	3.42e-14	nan
58347.44	18.75	0.03	8.56e-17	2.45e-18
58348.46	12.29	nan	3.30e-14	nan
58348.46	18.74	0.02	8.67e-17	1.87e-18
58349.50	18.75	0.02	8.55e-17	1.96e-18
58349.50	12.28	nan	3.32e-14	nan
58349.50	18.78	0.03	8.32e-17	1.96e-18
58349.50	12.27	nan	3.36e-14	nan
58352.51	12.30	nan	3.27e-14	nan
58352.51	18.72	0.02	8.80e-17	1.40e-18
58352.51	18.81	0.02	8.14e-17	1.52e-18
58352.51	12.33	nan	3.17e-14	nan
58353.44	18.75	0.03	8.59e-17	2.36e-18
58353.44	12.32	nan	3.19e-14	nan
58353.48	18.77	0.02	8.39e-17	1.77e-18
58353.48	12.31	nan	3.23e-14	nan
58354.44	18.76	0.05	8.46e-17	3.63e-18
58354.44	12.29	nan	3.28e-14	nan
58355.40	18.78	0.07	8.30e-17	5.13e-18
58355.40	12.28	nan	3.32e-14	nan
58355.40	12.25	nan	3.42e-14	nan
58355.40	18.76	0.05	8.49e-17	4.25e-18
58355.50	12.34	nan	3.15e-14	nan
58355.50	18.82	0.04	8.02e-17	3.06e-18
58356.38	18.86	0.08	7.74e-17	5.75e-18
58356.44	12.34	nan	3.14e-14	nan
58356.44	18.96	0.08	7.08e-17	5.20e-18
58357.40	18.82	0.06	8.05e-17	4.12e-18
58357.46	12.35	nan	3.10e-14	nan
58357.46	18.90	0.07	7.47e-17	4.77e-18
58357.48	18.78	0.06	8.30e-17	4.83e-18
58357.48	12.35	nan	3.12e-14	nan
58358.44	12.34	nan	3.15e-14	nan
58358.44	18.75	0.08	8.56e-17	6.34e-18
58358.44	12.34	nan	3.15e-14	nan
58358.44	18.72	0.08	8.78e-17	6.78e-18
58359.44	19.02	nan	6.69e-17	nan
58359.44	11.84	nan	4.97e-14	nan
58359.50	12.20	nan	3.58e-14	nan
58359.50	18.67	0.10	9.25e-17	8.19e-18
58363.48	12.32	nan	3.20e-14	nan
58363.48	18.73	0.06	8.72e-17	4.56e-18
58363.48	18.80	0.06	8.16e-17	4.34e-18
58363.48	12.33	nan	3.18e-14	nan
58364.50	18.85	0.04	7.81e-17	2.89e-18
58364.50	12.30	nan	3.25e-14	nan
58365.50	12.33	nan	3.18e-14	nan
58365.50	18.84	0.03	7.86e-17	2.12e-18
58366.50	12.35	nan	3.10e-14	nan
58366.50	18.74	0.02	8.68e-17	1.90e-18
58366.50	12.33	nan	3.16e-14	nan
58366.50	18.75	0.03	8.55e-17	2.11e-18
58368.44	18.77	0.03	8.43e-17	2.02e-18
58368.44	12.32	nan	3.20e-14	nan
58369.42	18.75	0.03	8.56e-17	2.09e-18
58369.42	12.30	nan	3.26e-14	nan
58369.43	18.78	0.03	8.35e-17	2.36e-18
58369.43	12.32	nan	3.20e-14	nan
58370.50	18.75	0.02	8.60e-17	1.90e-18
58370.50	12.35	nan	3.10e-14	nan
58371.44	18.73	0.02	8.71e-17	1.58e-18
58371.44	12.32	nan	3.19e-14	nan
58372.48	18.73	0.02	8.69e-17	1.59e-18
58372.48	12.34	nan	3.12e-14	nan
58372.49	18.71	0.02	8.92e-17	1.67e-18
58372.49	12.33	nan	3.16e-14	nan
58373.48	18.72	0.03	8.83e-17	2.45e-18
58373.48	12.33	nan	3.17e-14	nan
58374.50	18.70	0.03	8.97e-17	2.39e-18
58374.50	12.32	nan	3.18e-14	nan
58375.49	12.32	nan	3.18e-14	nan
58375.49	18.72	0.03	8.79e-17	2.20e-18
58375.49	18.74	0.03	8.67e-17	2.29e-18
58375.49	12.32	nan	3.19e-14	nan
58376.42	18.71	0.02	8.92e-17	1.63e-18
58376.42	12.34	nan	3.13e-14	nan
58377.43	18.78	0.03	8.33e-17	2.17e-18
58377.43	12.34	nan	3.13e-14	nan
58378.43	18.77	0.02	8.43e-17	1.82e-18
58378.43	12.35	nan	3.11e-14	nan
58378.43	18.74	0.02	8.61e-17	1.87e-18
58378.43	12.35	nan	3.11e-14	nan
58379.42	12.36	nan	3.09e-14	nan
58379.42	18.74	0.02	8.62e-17	1.86e-18
58380.42	18.71	0.03	8.89e-17	2.59e-18
58380.42	12.39	nan	3.01e-14	nan
58382.37	18.74	0.05	8.66e-17	4.27e-18
58382.37	12.34	nan	3.13e-14	nan
58382.37	12.30	nan	3.25e-14	nan
58382.37	18.75	0.04	8.60e-17	3.22e-18
58383.40	12.29	nan	3.28e-14	nan
58383.40	18.69	0.05	9.05e-17	3.87e-18
58384.53	12.29	nan	3.29e-14	nan
58384.53	18.72	0.06	8.84e-17	4.69e-18
58385.32	18.76	0.11	8.51e-17	8.24e-18
58385.32	12.25	nan	3.42e-14	nan
58385.32	18.87	0.12	7.68e-17	8.32e-18
58385.32	12.26	nan	3.39e-14	nan
58386.39	18.84	0.07	7.87e-17	5.32e-18
58386.40	12.32	nan	3.19e-14	nan
58386.40	18.78	0.08	8.34e-17	6.48e-18
58390.26	12.25	nan	3.41e-14	nan
58390.26	18.77	0.10	8.39e-17	8.10e-18
58397.43	12.33	nan	3.17e-14	nan
58397.43	18.82	0.03	8.00e-17	1.87e-18
58423.37	18.77	0.03	8.43e-17	2.39e-18
58424.29	18.78	0.11	8.33e-17	8.55e-18
58425.28	18.74	0.02	8.63e-17	1.86e-18
58425.30	12.30	nan	3.27e-14	nan
58425.30	18.66	0.04	9.31e-17	3.71e-18
58428.27	12.34	nan	3.13e-14	nan
58428.27	18.68	0.03	9.18e-17	2.82e-18
58429.32	18.88	0.03	7.62e-17	2.42e-18
58431.29	12.27	nan	3.33e-14	nan
58431.29	18.78	0.07	8.36e-17	5.39e-18
58431.35	18.77	0.08	8.39e-17	5.85e-18
58432.31	18.80	0.04	8.22e-17	2.67e-18
58434.31	18.76	0.07	8.47e-17	5.18e-18
58434.31	12.32	nan	3.19e-14	nan
58435.33	18.83	0.09	7.99e-17	6.70e-18
58436.30	18.77	0.09	8.42e-17	6.78e-18
58437.31	18.80	0.04	8.21e-17	3.10e-18
58437.31	12.36	nan	3.07e-14	nan
58438.28	18.72	0.12	8.77e-17	9.66e-18
58439.30	18.81	0.06	8.10e-17	4.16e-18
58447.35	12.32	nan	3.20e-14	nan
58447.35	18.73	0.10	8.74e-17	8.42e-18
58450.31	9.84	nan	3.13e-13	nan
58450.31	17.54	nan	2.60e-16	nan
58456.22	18.78	0.04	8.35e-17	3.29e-18
58456.22	12.34	nan	3.15e-14	nan
58456.25	18.79	0.04	8.27e-17	2.72e-18
58456.25	12.34	nan	3.15e-14	nan
58462.27	18.52	0.09	1.06e-16	8.48e-18
58462.27	11.76	nan	5.36e-14	nan
58462.27	18.81	0.12	8.09e-17	9.11e-18
58462.27	11.66	nan	5.88e-14	nan
58464.27	12.32	nan	3.21e-14	nan
58464.27	18.78	0.05	8.35e-17	3.86e-18
58466.23	18.52	0.15	1.06e-16	1.50e-17
58466.23	11.39	nan	7.55e-14	nan
58466.23	18.69	0.21	9.02e-17	1.71e-17
58466.23	11.36	nan	7.74e-14	nan
58468.25	18.76	0.05	8.51e-17	3.89e-18
58468.25	12.33	nan	3.17e-14	nan
58469.21	10.78	nan	1.32e-13	nan
58469.21	18.25	nan	1.36e-16	nan
58474.31	18.87	0.13	7.67e-17	9.04e-18
58474.31	12.31	nan	3.22e-14	nan
58474.31	12.29	nan	3.27e-14	nan
58474.31	18.67	0.11	9.22e-17	9.09e-18
58475.29	18.75	0.09	8.58e-17	6.75e-18
58475.29	12.27	nan	3.34e-14	nan
58481.31	12.24	nan	3.44e-14	nan
58481.31	18.77	0.06	8.39e-17	5.01e-18
58486.14	18.82	0.05	8.01e-17	3.93e-18
58486.14	12.33	nan	3.16e-14	nan
58487.23	18.72	0.05	8.81e-17	3.68e-18
58487.23	12.32	nan	3.21e-14	nan
58487.24	18.71	0.04	8.88e-17	3.00e-18
58487.24	12.32	nan	3.20e-14	nan
58488.12	18.62	0.07	9.63e-17	6.48e-18
58488.12	11.91	nan	4.66e-14	nan
58490.18	18.71	0.04	8.86e-17	3.18e-18
58490.18	12.34	nan	3.15e-14	nan
58491.22	12.31	nan	3.23e-14	nan
58491.22	18.74	0.05	8.66e-17	3.67e-18
58491.22	18.76	0.04	8.49e-17	3.31e-18
58491.22	12.31	nan	3.23e-14	nan
58492.17	11.33	nan	7.96e-14	nan
58492.17	18.47	0.15	1.11e-16	1.50e-17
58493.13	18.75	0.04	8.56e-17	3.34e-18
58493.13	12.28	nan	3.32e-14	nan
58503.13	12.32	nan	3.20e-14	nan
58503.13	18.75	0.07	8.53e-17	5.75e-18
58503.13	18.67	0.07	9.21e-17	6.13e-18
58503.13	12.33	nan	3.16e-14	nan
58505.11	18.72	0.08	8.84e-17	6.81e-18
58505.11	12.32	nan	3.20e-14	nan
58507.24	12.26	nan	3.38e-14	nan
58507.24	18.79	0.09	8.28e-17	6.96e-18
58507.24	18.71	0.10	8.87e-17	8.10e-18
58507.24	12.21	nan	3.53e-14	nan
58508.21	12.27	nan	3.34e-14	nan
58508.21	18.68	0.09	9.10e-17	7.15e-18
58510.23	11.30	nan	8.20e-14	nan
58510.23	18.90	nan	7.47e-17	nan
58514.11	18.73	0.03	8.74e-17	2.61e-18
58514.11	12.32	nan	3.19e-14	nan
58523.17	18.68	0.06	9.12e-17	5.36e-18
58523.17	12.10	nan	3.91e-14	nan
58540.12	18.76	0.05	8.48e-17	3.99e-18
58540.12	12.28	nan	3.30e-14	nan
58692.49	19.08	0.06	6.32e-17	3.34e-18
58692.49	12.18	nan	3.65e-14	nan
58693.50	19.01	0.06	6.72e-17	3.70e-18
58693.50	12.23	nan	3.48e-14	nan
58694.49	12.22	nan	3.51e-14	nan
58694.49	18.96	0.03	7.04e-17	2.22e-18
58695.48	19.09	0.04	6.24e-17	2.32e-18
58695.48	12.19	nan	3.61e-14	nan
58695.49	12.18	nan	3.65e-14	nan
58695.49	19.04	0.04	6.55e-17	2.58e-18
58696.48	12.23	nan	3.47e-14	nan
58696.48	19.12	0.04	6.08e-17	2.07e-18
58698.48	19.05	0.05	6.50e-17	3.12e-18
58698.48	12.06	nan	4.08e-14	nan
58701.48	10.53	nan	1.66e-13	nan
58701.48	19.19	nan	5.71e-17	nan
58704.50	18.98	0.05	6.94e-17	3.46e-18
58704.50	12.26	nan	3.38e-14	nan
58707.50	19.06	0.04	6.47e-17	2.54e-18
58707.50	12.26	nan	3.38e-14	nan
58708.50	18.98	0.04	6.95e-17	2.41e-18
58708.50	12.26	nan	3.39e-14	nan
58711.44	12.24	nan	3.45e-14	nan
58711.44	18.98	0.09	6.90e-17	5.64e-18
58713.50	12.26	nan	3.38e-14	nan
58713.50	18.97	0.09	7.02e-17	5.71e-18
58714.42	19.14	0.11	6.00e-17	5.99e-18
58714.42	12.21	nan	3.52e-14	nan
58714.44	12.23	nan	3.48e-14	nan
58714.44	19.07	0.09	6.38e-17	5.56e-18
58718.48	12.26	nan	3.39e-14	nan
58718.48	19.02	0.08	6.70e-17	4.84e-18
58727.51	12.22	nan	3.52e-14	nan
58727.51	18.99	0.06	6.89e-17	3.79e-18
58730.51	11.94	nan	4.52e-14	nan
58730.51	18.89	0.06	7.56e-17	4.35e-18
58732.48	18.96	0.04	7.05e-17	2.36e-18
58732.48	12.23	nan	3.46e-14	nan
58735.48	12.25	nan	3.41e-14	nan
58735.48	18.96	0.04	7.05e-17	2.59e-18
58738.40	12.24	nan	3.43e-14	nan
58738.40	19.00	0.08	6.83e-17	5.26e-18
58740.52	19.05	0.11	6.48e-17	6.69e-18
58740.52	18.93	0.10	7.26e-17	6.69e-18
58741.44	12.19	nan	3.59e-14	nan
58741.44	18.86	0.11	7.77e-17	7.88e-18
58748.38	18.81	0.03	8.10e-17	2.30e-18
58748.38	18.98	0.04	6.92e-17	2.33e-18
58748.44	18.88	0.05	7.60e-17	3.78e-18
58748.44	12.22	nan	3.51e-14	nan
58751.31	18.86	0.06	7.76e-17	4.45e-18
58757.52	12.21	nan	3.55e-14	nan
58757.52	18.91	0.05	7.40e-17	3.40e-18
58760.33	12.25	nan	3.41e-14	nan
58760.33	18.79	0.05	8.23e-17	3.48e-18
58761.42	18.84	0.03	7.88e-17	2.43e-18
58761.42	18.83	0.03	7.92e-17	2.18e-18
58763.36	12.25	nan	3.41e-14	nan
58763.36	18.76	0.04	8.46e-17	3.24e-18
58766.49	12.20	nan	3.58e-14	nan
58766.49	18.94	0.06	7.20e-17	4.14e-18
58769.36	12.24	nan	3.44e-14	nan
58769.36	18.62	0.11	9.68e-17	1.03e-17
58773.32	18.83	0.08	7.98e-17	5.53e-18
58773.32	18.78	0.07	8.31e-17	5.17e-18
58774.28	18.79	0.11	8.25e-17	8.36e-18
58774.28	18.90	0.10	7.47e-17	7.02e-18
58775.34	12.25	nan	3.42e-14	nan
58775.34	18.82	0.05	8.03e-17	3.98e-18
58775.34	19.00	0.05	6.81e-17	3.42e-18
58775.34	18.88	0.04	7.61e-17	2.78e-18
58776.32	18.82	0.06	8.03e-17	4.59e-18
58776.32	18.93	0.06	7.27e-17	4.02e-18
58777.45	18.83	0.06	7.98e-17	4.53e-18
58777.45	18.79	0.06	8.29e-17	4.71e-18
58778.38	12.25	nan	3.42e-14	nan
58778.38	18.78	0.06	8.32e-17	4.72e-18
58781.32	19.34	nan	4.99e-17	nan
58781.32	11.32	nan	8.00e-14	nan
58787.27	18.79	0.06	8.29e-17	4.92e-18
58787.27	18.95	0.07	7.12e-17	4.53e-18
58790.37	12.23	nan	3.46e-14	nan
58790.37	18.94	0.05	7.21e-17	3.52e-18
58793.36	18.84	0.05	7.85e-17	3.42e-18
58793.36	12.22	nan	3.50e-14	nan
58797.33	18.56	0.12	1.02e-16	1.13e-17
58797.33	12.22	nan	3.52e-14	nan
58800.31	12.23	nan	3.48e-14	nan
58800.31	18.92	0.19	7.34e-17	1.28e-17
58803.29	12.16	nan	3.71e-14	nan
58803.29	18.84	0.08	7.89e-17	5.60e-18
58803.34	18.81	0.07	8.08e-17	5.29e-18
58803.34	18.77	0.07	8.43e-17	5.13e-18
58811.30	18.73	0.05	8.72e-17	4.09e-18
58811.30	12.22	nan	3.50e-14	nan
58812.23	18.83	0.03	7.96e-17	2.25e-18
58812.29	12.21	nan	3.52e-14	nan
58812.29	18.77	0.04	8.39e-17	2.73e-18
58812.29	18.85	0.03	7.79e-17	2.20e-18
58814.19	18.67	0.20	9.21e-17	1.73e-17
58814.19	10.86	nan	1.23e-13	nan
58828.29	17.74	nan	2.18e-16	nan
58828.29	18.08	nan	1.59e-16	nan
58828.29	11.56	nan	6.41e-14	nan
58828.29	18.35	nan	1.24e-16	nan
58833.23	12.37	nan	3.06e-14	nan
58833.23	18.80	0.06	8.22e-17	4.68e-18
58850.13	19.00	0.18	6.81e-17	1.15e-17
58850.13	11.79	nan	5.19e-14	nan
58859.17	12.35	nan	3.12e-14	nan
58859.17	18.65	0.07	9.40e-17	5.98e-18
58860.20	18.70	0.07	8.97e-17	6.16e-18
58860.20	18.90	0.09	7.44e-17	5.91e-18
58860.20	18.92	0.10	7.35e-17	7.08e-18
58860.20	12.35	nan	3.10e-14	nan
58861.18	18.75	0.06	8.56e-17	4.73e-18
58861.18	18.78	0.06	8.32e-17	4.24e-18
58861.20	18.81	0.09	8.10e-17	6.42e-18
58861.20	12.36	nan	3.08e-14	nan
58862.20	12.34	nan	3.15e-14	nan
58862.20	18.80	0.05	8.18e-17	3.93e-18
58867.11	18.36	nan	1.23e-16	nan
58867.11	9.87	nan	3.05e-13	nan
58872.14	18.75	0.03	8.53e-17	2.70e-18
58872.14	12.38	nan	3.03e-14	nan
58872.14	12.36	nan	3.08e-14	nan
58873.16	12.35	nan	3.10e-14	nan
58873.16	18.71	0.03	8.86e-17	2.63e-18
58874.15	18.55	0.15	1.03e-16	1.47e-17
58874.15	11.22	nan	8.77e-14	nan
58875.12	12.36	nan	3.08e-14	nan
58875.12	18.80	0.03	8.16e-17	2.42e-18
58876.12	12.24	nan	3.45e-14	nan
58876.12	18.78	0.04	8.36e-17	3.14e-18
58878.14	18.73	0.08	8.75e-17	6.31e-18
58878.14	12.32	nan	3.20e-14	nan
58882.13	18.69	0.07	9.05e-17	5.58e-18
58882.13	12.37	nan	3.06e-14	nan
58885.15	12.24	nan	3.46e-14	nan
58885.15	18.77	0.10	8.43e-17	7.78e-18
58886.12	12.36	nan	3.08e-14	nan
58886.12	18.77	0.07	8.41e-17	5.64e-18
58887.14	18.69	0.07	9.01e-17	5.54e-18
58887.14	12.35	nan	3.12e-14	nan
58891.11	12.34	nan	3.14e-14	nan
58891.11	18.65	0.05	9.42e-17	4.30e-18
58891.12	18.70	0.04	8.93e-17	3.47e-18
58891.12	12.32	nan	3.19e-14	nan
58892.14	18.67	0.04	9.19e-17	3.63e-18
58892.14	12.31	nan	3.22e-14	nan
58894.13	18.71	0.04	8.91e-17	2.88e-18
58894.13	12.33	nan	3.15e-14	nan
58894.14	18.62	0.04	9.65e-17	3.56e-18
58894.14	12.31	nan	3.22e-14	nan
58895.11	12.34	nan	3.15e-14	nan
58895.11	18.61	0.04	9.76e-17	3.63e-18
58898.13	18.61	0.05	9.72e-17	4.61e-18
58898.13	12.05	nan	4.08e-14	nan
58900.15	11.53	nan	6.59e-14	nan
58900.15	18.59	0.19	9.93e-17	1.70e-17
58905.11	12.33	nan	3.17e-14	nan
58905.11	18.79	0.11	8.29e-17	8.36e-18
58913.15	18.74	0.14	8.61e-17	1.10e-17
58913.15	11.98	nan	4.35e-14	nan
59061.44	18.85	0.03	7.81e-17	2.37e-18
59061.45	18.74	0.03	8.63e-17	2.77e-18
59061.45	12.31	nan	3.21e-14	nan
59062.50	12.36	nan	3.07e-14	nan
59062.50	12.24	nan	3.44e-14	nan
59064.44	18.68	0.08	9.15e-17	6.75e-18
59064.44	12.34	nan	3.15e-14	nan
59067.44	18.67	0.06	9.24e-17	4.95e-18
59067.44	12.36	nan	3.08e-14	nan
59068.44	18.69	0.06	9.06e-17	4.96e-18
59068.44	12.34	nan	3.13e-14	nan
59073.46	18.62	0.04	9.64e-17	3.64e-18
59073.46	12.33	nan	3.16e-14	nan
59074.42	9.75	nan	3.42e-13	nan
59074.42	17.74	nan	2.18e-16	nan
59075.48	18.78	0.03	8.32e-17	2.32e-18
59075.48	12.29	nan	3.27e-14	nan
59076.42	12.25	nan	3.42e-14	nan
59076.42	12.15	nan	3.73e-14	nan
59076.43	12.25	nan	3.40e-14	nan
59076.43	12.15	nan	3.73e-14	nan
59077.48	18.70	0.04	8.96e-17	3.21e-18
59077.48	11.98	nan	4.36e-14	nan
59079.45	18.42	0.14	1.16e-16	1.50e-17
59079.45	10.55	nan	1.63e-13	nan
59080.50	12.19	nan	3.59e-14	nan
59080.50	18.58	0.03	9.98e-17	2.57e-18
59081.44	18.65	0.03	9.36e-17	2.29e-18
59081.44	12.18	nan	3.63e-14	nan
59081.44	18.71	0.03	8.86e-17	2.27e-18
59081.44	12.17	nan	3.68e-14	nan
59082.49	12.12	nan	3.83e-14	nan
59082.49	12.23	nan	3.47e-14	nan
59083.46	11.98	nan	4.38e-14	nan
59083.46	18.63	0.03	9.60e-17	2.90e-18
59084.48	18.70	0.02	8.96e-17	2.04e-18
59084.48	12.33	nan	3.16e-14	nan
59085.49	18.64	0.02	9.46e-17	1.95e-18
59085.49	12.30	nan	3.25e-14	nan
59086.45	12.27	nan	3.34e-14	nan
59086.45	12.17	nan	3.67e-14	nan
59087.45	12.20	nan	3.57e-14	nan
59087.45	18.62	0.03	9.64e-17	2.70e-18
59088.44	12.21	nan	3.55e-14	nan
59088.44	18.73	0.04	8.70e-17	3.52e-18
59089.47	18.64	0.03	9.45e-17	2.81e-18
59089.47	12.28	nan	3.30e-14	nan
59090.51	12.35	nan	3.10e-14	nan
59090.51	18.70	0.04	8.96e-17	3.19e-18
59090.51	18.71	0.04	8.88e-17	3.37e-18
59090.51	18.83	0.04	7.97e-17	3.07e-18
59091.46	18.69	0.02	9.09e-17	1.79e-18
59091.46	12.40	nan	2.97e-14	nan
59093.38	18.69	0.09	9.03e-17	7.46e-18
59093.38	12.33	nan	3.18e-14	nan
59094.40	18.62	0.10	9.64e-17	8.98e-18
59094.40	18.59	0.10	9.96e-17	8.96e-18
59094.42	12.28	nan	3.32e-14	nan
59094.42	18.86	0.14	7.73e-17	9.98e-18
59094.43	18.60	0.09	9.80e-17	8.48e-18
59094.43	12.30	nan	3.26e-14	nan
59094.43	12.27	nan	3.36e-14	nan
59094.43	18.81	0.12	8.08e-17	8.94e-18
59095.44	18.70	0.08	8.97e-17	6.32e-18
59095.46	12.33	nan	3.17e-14	nan
59095.46	18.48	0.07	1.09e-16	7.42e-18
59095.46	18.54	0.07	1.04e-16	7.17e-18
59095.46	12.31	nan	3.22e-14	nan
59096.39	18.76	0.08	8.46e-17	6.55e-18
59096.39	18.66	0.08	9.29e-17	7.18e-18
59096.39	18.86	0.12	7.75e-17	8.64e-18
59096.39	12.35	nan	3.11e-14	nan
59102.45	18.60	0.13	9.82e-17	1.21e-17
59102.45	19.04	0.20	6.56e-17	1.24e-17
59102.45	11.85	nan	4.95e-14	nan
59102.45	18.67	0.14	9.20e-17	1.21e-17
59107.42	11.99	nan	4.35e-14	nan
59107.42	18.76	0.03	8.50e-17	2.66e-18
59110.46	12.17	nan	3.66e-14	nan
59110.46	18.79	0.04	8.28e-17	3.39e-18
59112.42	18.70	0.02	8.98e-17	1.97e-18
59112.42	12.34	nan	3.14e-14	nan
59113.42	18.73	0.03	8.69e-17	2.15e-18
59113.42	12.29	nan	3.27e-14	nan
59115.39	12.35	nan	3.12e-14	nan
59115.39	18.69	0.03	9.01e-17	2.34e-18
59116.40	18.68	0.03	9.12e-17	2.30e-18
59116.40	12.35	nan	3.10e-14	nan
59116.41	12.34	nan	3.14e-14	nan
59116.41	18.70	0.03	9.00e-17	2.23e-18
59123.35	18.63	0.10	9.57e-17	8.57e-18
59123.35	12.35	nan	3.11e-14	nan
59124.36	12.35	nan	3.10e-14	nan
59124.36	18.61	0.10	9.71e-17	9.30e-18
59128.40	12.09	nan	3.96e-14	nan
59128.40	18.62	0.12	9.66e-17	1.07e-17
59130.42	12.38	nan	3.01e-14	nan
59130.42	18.80	0.04	8.19e-17	3.32e-18
59134.42	18.64	0.04	9.50e-17	3.34e-18
59134.42	12.34	nan	3.13e-14	nan
59136.32	18.73	0.03	8.76e-17	2.55e-18
59136.32	12.37	nan	3.07e-14	nan
59138.35	12.35	nan	3.10e-14	nan
59138.35	18.70	0.03	8.95e-17	2.46e-18
59140.36	12.34	nan	3.15e-14	nan
59140.36	18.70	0.03	8.98e-17	2.50e-18
59142.36	18.72	0.03	8.80e-17	2.27e-18
59142.36	12.37	nan	3.06e-14	nan
59143.34	18.70	0.03	9.00e-17	2.13e-18
59143.34	12.36	nan	3.09e-14	nan
59144.40	18.76	0.03	8.49e-17	2.22e-18
59144.40	12.21	nan	3.53e-14	nan
59144.41	12.34	nan	3.15e-14	nan
59144.41	18.70	0.02	9.00e-17	1.85e-18
59145.34	18.69	0.02	9.03e-17	1.62e-18
59145.34	12.38	nan	3.03e-14	nan
59146.38	17.95	nan	1.78e-16	nan
59146.38	9.27	nan	5.31e-13	nan
59146.39	10.41	nan	1.85e-13	nan
59146.39	18.45	0.20	1.13e-16	2.11e-17
59149.35	12.34	nan	3.15e-14	nan
59149.35	18.76	0.06	8.52e-17	5.04e-18
59150.30	18.73	0.06	8.71e-17	5.16e-18
59150.30	12.41	nan	2.94e-14	nan
59150.30	18.73	0.06	8.74e-17	5.13e-18
59150.30	12.41	nan	2.94e-14	nan
59151.35	18.73	0.09	8.70e-17	7.15e-18
59151.35	12.41	nan	2.93e-14	nan
59152.39	18.61	0.10	9.78e-17	8.77e-18
59152.39	12.41	nan	2.93e-14	nan
59155.25	18.83	0.10	7.99e-17	7.41e-18
59155.25	12.42	nan	2.91e-14	nan
59155.25	12.40	nan	2.98e-14	nan
59155.25	18.76	0.09	8.47e-17	7.28e-18
59157.43	18.62	0.08	9.64e-17	6.98e-18
59157.43	12.36	nan	3.09e-14	nan
59158.35	12.39	nan	3.00e-14	nan
59158.35	18.80	0.07	8.21e-17	5.30e-18
59158.35	12.39	nan	2.99e-14	nan
59158.35	18.96	0.08	7.03e-17	5.37e-18
59164.31	12.41	nan	2.95e-14	nan
59164.31	18.73	0.05	8.71e-17	3.86e-18
59165.32	12.41	nan	2.94e-14	nan
59165.32	18.73	0.03	8.70e-17	2.11e-18
59165.32	12.42	nan	2.92e-14	nan
59165.32	18.67	0.03	9.20e-17	2.27e-18
59166.31	18.73	0.03	8.72e-17	2.42e-18
59166.31	12.41	nan	2.95e-14	nan
59167.32	18.71	0.04	8.87e-17	3.58e-18
59167.32	12.41	nan	2.94e-14	nan
59167.32	18.78	0.05	8.33e-17	4.15e-18
59167.32	12.40	nan	2.97e-14	nan
59168.29	12.41	nan	2.94e-14	nan
59168.29	18.69	0.03	9.03e-17	2.76e-18
59169.28	12.41	nan	2.93e-14	nan
59169.28	18.74	0.03	8.64e-17	2.59e-18
59169.28	18.70	0.03	8.93e-17	2.53e-18
59169.28	12.42	nan	2.91e-14	nan
59170.26	18.73	0.04	8.75e-17	3.06e-18
59170.26	12.41	nan	2.94e-14	nan
59171.33	18.82	0.04	8.02e-17	3.06e-18
59171.33	12.41	nan	2.94e-14	nan
59171.33	18.76	0.07	8.45e-17	5.40e-18
59171.33	11.37	nan	7.64e-14	nan
59176.30	18.69	0.04	9.08e-17	3.47e-18
59176.30	12.40	nan	2.96e-14	nan
59178.27	18.73	0.06	8.72e-17	5.04e-18
59178.27	12.41	nan	2.93e-14	nan
59182.37	18.90	0.16	7.46e-17	1.13e-17
59182.37	12.39	nan	3.01e-14	nan
59184.25	12.41	nan	2.96e-14	nan
59184.25	18.69	0.08	9.02e-17	6.73e-18
59184.30	12.40	nan	2.96e-14	nan
59184.30	18.73	0.10	8.75e-17	7.72e-18
59184.31	18.91	0.11	7.38e-17	7.61e-18
59184.31	12.38	nan	3.01e-14	nan
59185.24	18.66	0.06	9.28e-17	5.50e-18
59185.24	12.39	nan	3.01e-14	nan
59185.32	18.90	0.09	7.44e-17	6.42e-18
59185.32	12.39	nan	2.99e-14	nan
59186.24	18.74	0.11	8.66e-17	8.90e-18
59186.24	12.40	nan	2.96e-14	nan
59186.32	18.83	0.14	7.95e-17	1.05e-17
59186.32	12.40	nan	2.98e-14	nan
59187.29	18.78	0.08	8.30e-17	5.90e-18
59187.29	12.40	nan	2.97e-14	nan
59187.41	12.29	nan	3.27e-14	nan
59187.41	19.50	nan	4.28e-17	nan
59188.25	18.75	0.06	8.55e-17	4.64e-18
59188.25	12.41	nan	2.93e-14	nan
59188.25	18.83	0.07	7.97e-17	4.81e-18
59188.25	12.41	nan	2.95e-14	nan
59188.31	12.41	nan	2.94e-14	nan
59188.31	18.75	0.05	8.54e-17	3.97e-18
59189.22	18.82	0.03	8.06e-17	2.44e-18
59189.22	12.41	nan	2.95e-14	nan
59189.25	18.79	0.04	8.26e-17	2.77e-18
59189.25	12.41	nan	2.94e-14	nan
59190.19	18.73	0.03	8.76e-17	2.58e-18
59190.19	12.41	nan	2.95e-14	nan
59190.19	18.76	0.03	8.46e-17	2.26e-18
59190.19	12.42	nan	2.93e-14	nan
59192.16	18.76	0.08	8.50e-17	5.94e-18
59192.16	12.13	nan	3.81e-14	nan
59193.21	18.82	0.06	8.04e-17	4.10e-18
59193.21	12.17	nan	3.68e-14	nan
59193.23	18.78	0.04	8.33e-17	2.78e-18
59193.23	12.36	nan	3.09e-14	nan
59193.26	12.38	nan	3.03e-14	nan
59193.26	18.74	0.04	8.67e-17	2.87e-18
59194.16	18.85	0.04	7.79e-17	2.95e-18
59194.16	12.38	nan	3.01e-14	nan
59194.37	18.77	0.13	8.43e-17	1.02e-17
59194.37	11.84	nan	4.97e-14	nan
59195.19	18.79	0.03	8.24e-17	2.13e-18
59195.19	12.39	nan	2.99e-14	nan
59195.23	18.81	0.04	8.12e-17	2.92e-18
59195.23	12.39	nan	3.00e-14	nan
59195.26	12.39	nan	3.00e-14	nan
59195.26	18.76	0.04	8.50e-17	2.79e-18
59196.28	18.88	0.08	7.58e-17	5.44e-18
59196.28	12.36	nan	3.09e-14	nan
59197.23	18.81	0.06	8.10e-17	4.82e-18
59197.23	12.15	nan	3.74e-14	nan
59197.25	18.63	0.09	9.55e-17	7.59e-18
59197.25	11.64	nan	5.95e-14	nan
59199.25	12.39	nan	2.99e-14	nan
59199.25	18.70	0.05	8.96e-17	4.18e-18
59202.26	18.70	0.05	8.93e-17	3.87e-18
59202.26	12.40	nan	2.97e-14	nan
59204.20	12.41	nan	2.95e-14	nan
59204.20	18.78	0.05	8.31e-17	3.74e-18
59206.21	17.98	nan	1.74e-16	nan
59206.21	10.83	nan	1.26e-13	nan
59210.28	18.79	0.09	8.27e-17	7.17e-18
59210.28	12.38	nan	3.01e-14	nan
59216.22	18.75	0.07	8.53e-17	5.60e-18
59216.22	12.28	nan	3.31e-14	nan
59218.18	18.73	0.04	8.72e-17	3.29e-18
59218.18	12.37	nan	3.04e-14	nan
59220.21	18.84	0.06	7.87e-17	4.00e-18
59220.21	12.38	nan	3.04e-14	nan
59222.21	12.40	nan	2.97e-14	nan
59222.21	18.71	0.04	8.88e-17	3.09e-18
59224.21	18.84	0.07	7.86e-17	4.90e-18
59224.21	12.38	nan	3.02e-14	nan
59228.15	11.62	nan	6.10e-14	nan
59228.15	18.70	0.12	9.00e-17	9.93e-18
59230.27	18.87	0.06	7.65e-17	4.55e-18
59230.27	12.33	nan	3.17e-14	nan
59231.18	12.39	nan	3.00e-14	nan
59231.18	18.85	0.05	7.83e-17	3.73e-18
59232.15	12.40	nan	2.97e-14	nan
59232.15	18.74	0.03	8.66e-17	2.40e-18
59232.16	12.38	nan	3.02e-14	nan
59232.16	18.80	0.04	8.18e-17	2.78e-18
59233.16	12.39	nan	2.98e-14	nan
59233.16	18.81	0.06	8.07e-17	4.14e-18
59248.18	18.68	0.06	9.14e-17	4.70e-18
59248.18	12.19	nan	3.60e-14	nan
59250.17	12.37	nan	3.06e-14	nan
59250.17	18.74	0.06	8.65e-17	4.60e-18
59252.15	18.69	0.04	9.08e-17	3.01e-18
59252.15	12.37	nan	3.05e-14	nan
59254.20	12.06	nan	4.05e-14	nan
59254.20	18.77	0.07	8.44e-17	5.15e-18
59260.17	18.68	0.09	9.14e-17	7.91e-18
59260.17	12.07	nan	4.03e-14	nan
59264.15	18.72	0.06	8.82e-17	5.20e-18
59264.15	12.36	nan	3.08e-14	nan
59270.14	12.33	nan	3.15e-14	nan
59270.14	18.72	0.09	8.79e-17	7.12e-18
59428.50	12.34	nan	3.13e-14	nan
59428.50	18.89	0.06	7.51e-17	3.98e-18
59434.46	12.29	nan	3.29e-14	nan
59434.46	18.74	0.03	8.62e-17	2.08e-18
59439.47	18.82	0.04	8.05e-17	3.22e-18
59439.47	12.17	nan	3.68e-14	nan
59442.44	12.20	nan	3.57e-14	nan
59442.44	18.77	0.04	8.42e-17	2.73e-18
59444.47	18.78	0.03	8.36e-17	2.61e-18
59444.47	12.18	nan	3.65e-14	nan
59449.39	12.14	nan	3.78e-14	nan
59449.39	18.63	0.14	9.55e-17	1.26e-17
59449.39	18.73	0.17	8.75e-17	1.37e-17
59449.39	12.12	nan	3.84e-14	nan
59450.39	19.21	nan	5.59e-17	nan
59450.39	11.98	nan	4.36e-14	nan
59459.48	18.73	0.03	8.75e-17	2.15e-18
59459.48	12.39	nan	3.01e-14	nan
59460.48	18.76	0.03	8.50e-17	2.46e-18
59460.48	12.39	nan	3.01e-14	nan
59460.48	12.39	nan	2.98e-14	nan
59460.48	18.77	0.03	8.40e-17	2.32e-18
59461.47	12.39	nan	3.00e-14	nan
59461.47	18.78	0.03	8.32e-17	1.97e-18
59462.42	12.37	nan	3.07e-14	nan
59462.42	18.73	0.03	8.72e-17	2.26e-18
59463.46	18.83	0.03	7.92e-17	2.20e-18
59463.46	12.35	nan	3.10e-14	nan
59463.46	18.75	0.03	8.57e-17	2.47e-18
59463.46	12.37	nan	3.05e-14	nan
59464.41	18.74	0.03	8.64e-17	2.26e-18
59464.41	12.32	nan	3.19e-14	nan
59465.47	18.80	0.04	8.20e-17	2.89e-18
59465.47	12.32	nan	3.21e-14	nan
59467.40	12.30	nan	3.26e-14	nan
59467.40	18.80	0.03	8.20e-17	2.18e-18
59469.40	12.37	nan	3.07e-14	nan
59469.40	18.74	0.03	8.61e-17	2.01e-18
59471.44	12.17	nan	3.68e-14	nan
59471.44	18.74	0.04	8.64e-17	2.90e-18
59474.32	12.29	nan	3.29e-14	nan
59474.32	18.74	0.06	8.65e-17	5.12e-18
59476.46	12.39	nan	3.01e-14	nan
59476.46	18.77	0.06	8.38e-17	4.55e-18
59477.44	18.84	0.07	7.86e-17	5.03e-18
59477.44	12.40	nan	2.97e-14	nan
59478.29	18.72	0.11	8.84e-17	9.35e-18
59478.29	12.30	nan	3.27e-14	nan
59479.40	12.38	nan	3.01e-14	nan
59479.40	18.82	0.11	8.02e-17	7.84e-18
59479.40	12.37	nan	3.04e-14	nan
59479.40	18.61	0.09	9.72e-17	8.03e-18
59484.34	18.72	0.04	8.77e-17	3.55e-18
59484.34	12.33	nan	3.18e-14	nan
59484.34	12.31	nan	3.22e-14	nan
59484.34	18.75	0.05	8.59e-17	3.67e-18
59485.42	18.87	nan	7.68e-17	nan
59485.42	11.11	nan	9.73e-14	nan
59487.40	18.75	0.05	8.55e-17	4.05e-18
59487.40	12.38	nan	3.03e-14	nan
59488.44	18.81	0.03	8.10e-17	2.56e-18
59488.44	12.38	nan	3.02e-14	nan
59489.42	12.40	nan	2.98e-14	nan
59489.42	18.79	0.03	8.29e-17	2.57e-18
59489.42	18.71	0.03	8.92e-17	2.59e-18
59489.42	12.39	nan	3.00e-14	nan
59496.40	12.42	nan	2.93e-14	nan
59496.40	18.85	0.04	7.80e-17	3.07e-18
59501.39	12.39	nan	3.00e-14	nan
59501.39	18.71	0.03	8.85e-17	2.12e-18
59501.39	18.69	0.03	9.09e-17	2.53e-18
59501.39	12.39	nan	2.98e-14	nan
59503.36	18.68	0.05	9.14e-17	4.31e-18
59503.36	12.38	nan	3.04e-14	nan
59503.36	18.89	0.07	7.51e-17	4.79e-18
59503.36	12.38	nan	3.03e-14	nan
59504.34	18.76	0.07	8.47e-17	5.36e-18
59504.34	12.37	nan	3.06e-14	nan
59505.36	12.38	nan	3.02e-14	nan
59505.36	18.73	0.08	8.76e-17	6.31e-18
59512.32	18.77	0.05	8.42e-17	3.65e-18
59512.32	12.41	nan	2.95e-14	nan
59512.32	18.68	0.04	9.10e-17	3.21e-18
59512.32	12.42	nan	2.92e-14	nan
59517.34	18.68	0.02	9.13e-17	1.81e-18
59517.34	12.40	nan	2.96e-14	nan
59518.32	18.68	0.02	9.15e-17	1.53e-18
59518.32	12.43	nan	2.90e-14	nan
59518.32	12.41	nan	2.94e-14	nan
59518.32	18.69	0.02	9.06e-17	1.74e-18
59520.26	12.41	nan	2.94e-14	nan
59520.26	18.71	0.03	8.90e-17	2.29e-18
59521.28	12.42	nan	2.91e-14	nan
59521.28	18.77	0.03	8.38e-17	2.05e-18
59521.28	18.67	0.02	9.19e-17	2.03e-18
59521.28	12.42	nan	2.91e-14	nan
59522.35	18.74	0.03	8.63e-17	2.10e-18
59522.35	12.40	nan	2.97e-14	nan
59523.26	18.69	0.03	9.01e-17	2.47e-18
59523.26	12.40	nan	2.98e-14	nan
59523.26	18.70	0.03	8.98e-17	2.15e-18
59523.26	12.41	nan	2.94e-14	nan
59524.28	12.41	nan	2.93e-14	nan
59524.28	18.74	0.02	8.67e-17	1.94e-18
59525.28	12.44	nan	2.86e-14	nan
59525.28	18.69	0.03	9.01e-17	2.36e-18
59525.28	18.68	0.02	9.12e-17	2.08e-18
59525.28	12.42	nan	2.91e-14	nan
59526.34	12.41	nan	2.94e-14	nan
59526.34	18.78	0.03	8.36e-17	2.14e-18
59527.29	18.65	0.05	9.40e-17	4.34e-18
59527.29	11.97	nan	4.41e-14	nan
59529.35	12.40	nan	2.97e-14	nan
59529.35	18.74	0.04	8.63e-17	2.90e-18
59530.34	18.82	0.04	8.00e-17	2.92e-18
59530.34	12.40	nan	2.96e-14	nan
59530.34	18.68	0.04	9.16e-17	3.47e-18
59530.34	12.40	nan	2.96e-14	nan
59531.27	18.61	0.08	9.72e-17	7.02e-18
59531.27	12.15	nan	3.74e-14	nan
59532.35	12.39	nan	2.98e-14	nan
59532.35	18.79	0.05	8.23e-17	4.01e-18
59537.35	18.73	0.03	8.74e-17	2.53e-18
59537.35	12.35	nan	3.12e-14	nan
59537.35	12.33	nan	3.18e-14	nan
59537.35	18.73	0.04	8.71e-17	2.84e-18
59540.32	19.12	0.18	6.10e-17	1.02e-17
59540.32	12.38	nan	3.01e-14	nan
59540.32	18.71	0.10	8.86e-17	8.55e-18
59540.32	12.39	nan	2.99e-14	nan
59542.19	18.78	0.04	8.36e-17	3.25e-18
59542.19	12.38	nan	3.02e-14	nan
59550.15	12.39	nan	2.99e-14	nan
59550.15	18.71	0.03	8.91e-17	2.85e-18
59627.14	18.59	0.07	9.93e-17	6.31e-18
59627.14	12.36	nan	3.08e-14	nan
59631.13	11.73	nan	5.52e-14	nan
59631.13	18.57	0.09	1.01e-16	8.72e-18
59798.48	12.10	nan	3.92e-14	nan
59798.48	18.46	0.04	1.11e-16	4.17e-18
59801.48	18.44	0.02	1.14e-16	2.13e-18
59801.48	12.35	nan	3.11e-14	nan
59804.40	12.11	nan	3.88e-14	nan
59804.40	18.50	0.13	1.08e-16	1.26e-17
59810.47	12.30	nan	3.25e-14	nan
59810.47	18.48	0.04	1.10e-16	4.00e-18
59813.44	18.52	0.04	1.06e-16	4.35e-18
59813.44	12.31	nan	3.23e-14	nan
59815.48	12.32	nan	3.19e-14	nan
59815.48	18.37	0.02	1.21e-16	2.22e-18
59817.49	18.36	0.02	1.23e-16	2.19e-18
59817.49	12.30	nan	3.25e-14	nan
59821.49	18.40	0.02	1.18e-16	1.95e-18
59821.49	12.37	nan	3.05e-14	nan
59824.47	18.41	0.02	1.18e-16	2.25e-18
59824.47	12.32	nan	3.21e-14	nan
59826.44	12.30	nan	3.26e-14	nan
59826.44	18.39	0.02	1.20e-16	2.26e-18
59829.48	18.41	0.02	1.17e-16	2.10e-18
59829.48	12.34	nan	3.15e-14	nan
59842.44	12.40	nan	2.96e-14	nan
59842.44	18.42	0.03	1.16e-16	2.71e-18
59844.40	18.52	0.03	1.06e-16	2.65e-18
59844.40	12.39	nan	2.99e-14	nan
59847.42	18.51	0.03	1.07e-16	2.73e-18
59847.42	12.38	nan	3.02e-14	nan
59849.48	12.37	nan	3.05e-14	nan
59849.48	18.44	0.03	1.13e-16	2.97e-18
59851.44	18.48	0.02	1.09e-16	2.29e-18
59851.44	12.35	nan	3.11e-14	nan
59856.39	18.43	0.02	1.15e-16	2.56e-18
59856.39	12.37	nan	3.04e-14	nan
59858.36	18.53	0.04	1.05e-16	3.78e-18
59858.36	12.36	nan	3.07e-14	nan
59860.40	18.54	0.06	1.04e-16	5.88e-18
59860.40	12.35	nan	3.11e-14	nan
59862.45	18.45	0.09	1.13e-16	9.81e-18
59862.45	12.40	nan	2.98e-14	nan
59864.37	18.43	0.08	1.15e-16	8.65e-18
59864.37	12.33	nan	3.16e-14	nan
59869.35	18.48	0.04	1.09e-16	3.74e-18
59869.35	12.38	nan	3.02e-14	nan
59872.38	12.39	nan	2.99e-14	nan
59872.38	18.41	0.02	1.17e-16	2.52e-18
59874.36	18.48	0.02	1.10e-16	1.93e-18
59874.36	12.39	nan	3.00e-14	nan
59877.38	18.41	0.03	1.17e-16	2.80e-18
59877.38	12.39	nan	2.99e-14	nan
59879.38	18.46	0.03	1.12e-16	2.72e-18
59879.38	12.37	nan	3.07e-14	nan
59881.30	18.44	0.02	1.13e-16	2.57e-18
59881.30	12.39	nan	2.99e-14	nan
59883.34	18.48	0.03	1.10e-16	3.48e-18
59883.34	12.37	nan	3.05e-14	nan
59888.33	11.70	nan	5.68e-14	nan
59888.33	19.00	nan	6.83e-17	nan
59895.30	12.37	nan	3.04e-14	nan
59895.30	18.50	0.05	1.08e-16	4.97e-18
59897.30	12.37	nan	3.05e-14	nan
59897.30	18.46	0.04	1.12e-16	3.77e-18
59899.30	12.38	nan	3.03e-14	nan
59899.30	18.44	0.07	1.14e-16	6.89e-18
59901.27	18.47	0.03	1.10e-16	2.97e-18
59901.27	12.38	nan	3.02e-14	nan
59903.29	12.37	nan	3.05e-14	nan
59903.29	18.45	0.03	1.13e-16	3.30e-18
59905.26	9.94	nan	2.87e-13	nan
59905.26	18.33	nan	1.26e-16	nan
59908.22	18.48	0.04	1.10e-16	4.10e-18
59908.22	12.40	nan	2.97e-14	nan
59910.24	18.39	0.04	1.19e-16	3.90e-18
59910.24	12.39	nan	2.99e-14	nan
59913.27	12.38	nan	3.02e-14	nan
59913.27	18.45	0.04	1.13e-16	3.73e-18
59928.21	18.43	0.05	1.15e-16	5.12e-18
59928.21	12.33	nan	3.17e-14	nan
59932.25	12.38	nan	3.01e-14	nan
59932.25	18.39	0.03	1.19e-16	2.86e-18
59935.22	12.25	nan	3.41e-14	nan
59935.22	18.40	0.04	1.18e-16	4.70e-18
59942.20	18.50	0.03	1.08e-16	3.43e-18
59942.20	12.36	nan	3.08e-14	nan
59957.16	18.38	0.10	1.20e-16	1.13e-17
59957.16	11.75	nan	5.39e-14	nan
59967.15	18.54	0.07	1.04e-16	6.82e-18
59967.15	12.36	nan	3.08e-14	nan
59969.13	12.38	nan	3.01e-14	nan
59969.13	18.46	0.06	1.12e-16	5.79e-18
59978.17	11.62	nan	6.07e-14	nan
59978.17	18.81	nan	8.13e-17	nan
59980.18	18.53	0.06	1.05e-16	6.07e-18
59980.18	12.37	nan	3.04e-14	nan
59982.13	18.44	0.06	1.13e-16	6.71e-18
59982.13	12.37	nan	3.05e-14	nan
59984.21	18.51	0.11	1.07e-16	1.07e-17
59984.21	12.30	nan	3.24e-14	nan
59994.16	12.29	nan	3.30e-14	nan
59994.16	18.45	0.06	1.12e-16	6.35e-18
60159.46	12.36	nan	3.08e-14	nan
60159.46	18.47	0.06	1.11e-16	5.82e-18
60162.45	12.34	nan	3.13e-14	nan
60162.45	18.40	0.04	1.18e-16	4.33e-18
60169.42	12.32	nan	3.19e-14	nan
60169.42	18.44	0.03	1.14e-16	2.71e-18
60173.45	18.42	0.02	1.17e-16	2.50e-18
60173.45	12.34	nan	3.14e-14	nan
60182.46	12.40	nan	2.97e-14	nan
60182.46	18.37	0.02	1.22e-16	2.28e-18
60186.43	18.30	0.05	1.30e-16	6.12e-18
60186.43	12.36	nan	3.07e-14	nan
60192.45	18.33	0.04	1.27e-16	4.13e-18
60192.45	12.37	nan	3.05e-14	nan
60195.48	12.32	nan	3.19e-14	nan
60195.48	18.37	0.03	1.21e-16	2.84e-18
60198.48	18.38	0.02	1.20e-16	2.38e-18
60198.48	12.37	nan	3.06e-14	nan
60201.44	12.36	nan	3.08e-14	nan
60201.44	18.36	0.02	1.22e-16	2.22e-18
60203.48	12.36	nan	3.09e-14	nan
60203.48	18.32	0.02	1.27e-16	2.29e-18
60205.50	18.36	0.02	1.22e-16	1.96e-18
60205.50	12.37	nan	3.04e-14	nan
60208.49	12.36	nan	3.09e-14	nan
60208.49	18.36	0.02	1.23e-16	2.68e-18
60213.48	18.35	0.02	1.23e-16	2.69e-18
60213.48	12.38	nan	3.02e-14	nan
60215.42	12.38	nan	3.02e-14	nan
60215.42	18.32	0.04	1.28e-16	5.06e-18
60217.40	12.39	nan	3.00e-14	nan
60217.40	18.38	0.10	1.21e-16	1.08e-17
60221.34	18.48	0.06	1.10e-16	5.87e-18
60221.34	12.37	nan	3.04e-14	nan
60223.45	12.37	nan	3.06e-14	nan
60223.45	18.36	0.03	1.23e-16	3.84e-18
60228.36	18.35	0.03	1.23e-16	2.84e-18
60228.36	12.38	nan	3.01e-14	nan
60231.40	18.33	0.03	1.26e-16	3.27e-18
60231.40	12.37	nan	3.05e-14	nan
60233.42	12.37	nan	3.04e-14	nan
60233.42	18.36	0.03	1.23e-16	3.18e-18
60235.42	18.33	0.03	1.26e-16	2.90e-18
60235.42	12.37	nan	3.04e-14	nan
60237.33	12.38	nan	3.03e-14	nan
60237.33	18.36	0.03	1.22e-16	2.82e-18
60239.37	12.40	nan	2.98e-14	nan
60239.37	18.32	0.02	1.27e-16	2.50e-18
60244.27	18.33	0.07	1.26e-16	8.47e-18
60244.27	12.37	nan	3.06e-14	nan
60246.48	18.87	nan	7.65e-17	nan
60246.48	12.31	nan	3.23e-14	nan
