mjd	ab_mag	ab_mag_err	flux_dens	flux_dens_err
58320.46	11.24	nan	1.56e-13	nan
58323.44	19.05	0.05	1.17e-16	5.01e-18
58323.44	12.16	nan	6.67e-14	nan
58327.48	18.91	0.17	1.34e-16	2.12e-17
58327.48	11.74	nan	9.81e-14	nan
58330.46	19.07	0.15	1.15e-16	1.57e-17
58330.46	12.20	nan	6.44e-14	nan
58335.50	12.35	nan	5.59e-14	nan
58335.50	18.92	0.11	1.32e-16	1.29e-17
58338.44	18.91	0.04	1.33e-16	5.36e-18
58338.44	12.25	nan	6.13e-14	nan
58345.43	18.93	0.04	1.31e-16	4.68e-18
58345.43	12.19	nan	6.47e-14	nan
58345.43	12.18	nan	6.55e-14	nan
58347.48	12.33	nan	5.72e-14	nan
58347.48	18.97	0.02	1.27e-16	2.07e-18
58348.48	18.94	0.02	1.29e-16	1.98e-18
58348.48	12.34	nan	5.66e-14	nan
58348.48	18.87	0.02	1.39e-16	2.69e-18
58348.48	12.35	nan	5.62e-14	nan
58350.45	12.55	nan	4.67e-14	nan
58350.45	18.96	0.03	1.27e-16	3.53e-18
58351.45	12.34	nan	5.68e-14	nan
58351.45	18.96	0.02	1.27e-16	1.99e-18
58351.45	12.33	nan	5.69e-14	nan
58351.45	18.97	0.02	1.26e-16	1.91e-18
58352.46	12.33	nan	5.69e-14	nan
58352.46	18.93	0.02	1.31e-16	2.24e-18
58363.40	18.86	0.08	1.39e-16	1.01e-17
58363.40	12.35	nan	5.58e-14	nan
58363.41	12.33	nan	5.72e-14	nan
58363.41	18.95	0.08	1.28e-16	9.74e-18
58364.45	12.35	nan	5.61e-14	nan
58364.45	18.87	0.05	1.38e-16	6.56e-18
58364.48	12.37	nan	5.49e-14	nan
58364.48	18.92	0.05	1.32e-16	5.90e-18
58364.48	18.95	0.04	1.28e-16	5.27e-18
58365.44	12.41	nan	5.32e-14	nan
58365.44	18.97	0.03	1.26e-16	3.69e-18
58366.45	18.89	0.02	1.35e-16	2.27e-18
58366.45	12.42	nan	5.25e-14	nan
58366.45	18.95	0.02	1.29e-16	2.15e-18
58366.45	12.43	nan	5.21e-14	nan
58367.45	12.41	nan	5.30e-14	nan
58367.45	18.92	0.02	1.32e-16	2.63e-18
58368.41	12.40	nan	5.35e-14	nan
58368.41	18.90	0.02	1.35e-16	2.69e-18
58369.45	18.87	0.02	1.38e-16	2.67e-18
58369.45	12.44	nan	5.14e-14	nan
58369.48	12.45	nan	5.10e-14	nan
58369.48	18.84	0.02	1.42e-16	2.77e-18
58370.46	12.43	nan	5.22e-14	nan
58370.46	18.98	0.02	1.24e-16	2.76e-18
58371.39	12.45	nan	5.13e-14	nan
58371.39	18.95	0.02	1.29e-16	2.13e-18
58372.44	12.44	nan	5.14e-14	nan
58372.44	18.92	0.02	1.32e-16	2.18e-18
58372.44	12.45	nan	5.13e-14	nan
58372.44	18.91	0.02	1.33e-16	2.58e-18
58373.42	18.93	0.03	1.31e-16	3.07e-18
58373.42	12.42	nan	5.27e-14	nan
58374.43	18.91	0.02	1.33e-16	2.54e-18
58374.43	12.45	nan	5.09e-14	nan
58375.44	18.89	0.02	1.35e-16	2.87e-18
58375.44	12.46	nan	5.06e-14	nan
58375.44	12.45	nan	5.10e-14	nan
58375.44	18.92	0.02	1.32e-16	2.54e-18
58376.46	12.47	nan	5.02e-14	nan
58376.46	18.93	0.02	1.31e-16	2.47e-18
58377.38	18.88	0.02	1.37e-16	2.92e-18
58377.38	12.42	nan	5.24e-14	nan
58378.45	18.88	0.02	1.37e-16	2.25e-18
58378.45	12.46	nan	5.04e-14	nan
58378.45	18.89	0.02	1.35e-16	2.36e-18
58378.45	12.44	nan	5.14e-14	nan
58379.46	12.50	nan	4.90e-14	nan
58379.46	18.90	0.02	1.35e-16	2.66e-18
58380.41	18.91	0.02	1.33e-16	2.55e-18
58380.41	12.49	nan	4.91e-14	nan
58382.42	18.90	0.04	1.35e-16	4.45e-18
58382.42	12.41	nan	5.31e-14	nan
58383.44	18.88	0.05	1.37e-16	5.75e-18
58383.44	12.42	nan	5.27e-14	nan
58384.36	18.95	0.09	1.28e-16	1.00e-17
58384.47	12.42	nan	5.26e-14	nan
58384.47	18.84	0.07	1.42e-16	9.14e-18
58385.39	18.99	0.13	1.23e-16	1.45e-17
58385.39	12.40	nan	5.36e-14	nan
58385.45	12.45	nan	5.13e-14	nan
58385.45	18.81	0.10	1.46e-16	1.29e-17
58386.49	12.41	nan	5.30e-14	nan
58386.49	18.79	0.12	1.49e-16	1.66e-17
58390.38	19.08	0.07	1.14e-16	7.37e-18
58390.40	19.00	0.07	1.23e-16	8.07e-18
58390.40	12.42	nan	5.25e-14	nan
58397.38	12.41	nan	5.33e-14	nan
58397.38	18.96	0.02	1.27e-16	2.75e-18
58425.34	12.44	nan	5.15e-14	nan
58425.34	18.93	0.03	1.31e-16	3.32e-18
58427.33	19.05	0.08	1.17e-16	8.53e-18
58428.29	12.44	nan	5.16e-14	nan
58428.29	18.97	0.03	1.26e-16	3.57e-18
58430.31	18.98	0.01	1.25e-16	1.69e-18
58431.24	12.36	nan	5.57e-14	nan
58431.24	18.90	0.05	1.34e-16	6.57e-18
58434.28	12.44	nan	5.16e-14	nan
58434.28	18.94	0.04	1.30e-16	4.53e-18
58436.24	19.05	0.06	1.17e-16	6.69e-18
58437.25	18.94	0.05	1.30e-16	5.83e-18
58437.25	12.44	nan	5.15e-14	nan
58440.23	9.92	nan	5.27e-13	nan
58440.23	17.62	nan	4.37e-16	nan
58462.26	11.38	nan	1.36e-13	nan
58462.26	19.01	0.11	1.21e-16	1.26e-17
58466.25	18.73	0.16	1.57e-16	2.26e-17
58466.25	11.00	nan	1.94e-13	nan
58466.25	18.85	nan	1.41e-16	nan
58466.25	10.54	nan	2.96e-13	nan
58469.16	18.80	0.07	1.47e-16	9.90e-18
58469.16	12.34	nan	5.65e-14	nan
58469.17	18.72	0.07	1.59e-16	9.76e-18
58469.17	12.34	nan	5.67e-14	nan
58472.17	12.45	nan	5.13e-14	nan
58472.17	18.91	0.10	1.34e-16	1.24e-17
58472.20	12.48	nan	4.99e-14	nan
58472.20	18.79	0.10	1.49e-16	1.34e-17
58474.12	12.44	nan	5.17e-14	nan
58474.12	18.80	0.09	1.47e-16	1.22e-17
58475.11	12.38	nan	5.47e-14	nan
58475.11	18.71	0.09	1.60e-16	1.26e-17
58475.11	12.41	nan	5.30e-14	nan
58475.11	18.78	0.09	1.51e-16	1.27e-17
58481.27	18.91	0.05	1.33e-16	6.07e-18
58481.27	12.38	nan	5.44e-14	nan
58483.16	18.79	0.03	1.48e-16	4.06e-18
58483.16	12.45	nan	5.12e-14	nan
58483.16	18.80	0.03	1.47e-16	3.58e-18
58487.15	18.78	0.03	1.51e-16	3.89e-18
58487.15	12.45	nan	5.12e-14	nan
58487.15	12.43	nan	5.21e-14	nan
58487.15	18.81	0.03	1.46e-16	3.67e-18
58491.16	12.43	nan	5.21e-14	nan
58491.16	18.86	0.03	1.39e-16	4.27e-18
58491.17	12.44	nan	5.14e-14	nan
58491.17	18.78	0.03	1.49e-16	4.29e-18
58492.17	18.77	nan	1.52e-16	nan
58492.17	10.47	nan	3.15e-13	nan
58493.19	12.36	nan	5.53e-14	nan
58493.19	18.82	0.03	1.45e-16	4.27e-18
58494.15	18.85	0.04	1.41e-16	4.57e-18
58494.15	12.39	nan	5.39e-14	nan
58494.16	12.41	nan	5.28e-14	nan
58494.16	18.70	0.03	1.62e-16	4.01e-18
58495.17	10.74	nan	2.46e-13	nan
58495.17	19.13	nan	1.09e-16	nan
58503.17	12.41	nan	5.28e-14	nan
58503.17	18.70	0.09	1.62e-16	1.27e-17
58503.20	12.35	nan	5.58e-14	nan
58503.20	18.75	0.10	1.55e-16	1.49e-17
58505.15	12.42	nan	5.26e-14	nan
58505.15	18.85	0.09	1.41e-16	1.20e-17
58507.15	18.74	0.03	1.55e-16	4.39e-18
58507.15	12.43	nan	5.21e-14	nan
58509.19	12.35	nan	5.58e-14	nan
58509.19	18.82	0.07	1.44e-16	8.89e-18
58510.15	12.31	nan	5.83e-14	nan
58510.15	18.78	0.05	1.51e-16	7.63e-18
58510.16	18.84	0.06	1.42e-16	7.30e-18
58510.16	12.31	nan	5.80e-14	nan
58511.15	12.34	nan	5.64e-14	nan
58511.15	18.79	0.04	1.48e-16	5.94e-18
58514.17	12.23	nan	6.24e-14	nan
58514.19	11.81	nan	9.23e-14	nan
58522.14	12.36	nan	5.58e-14	nan
58522.14	18.79	0.05	1.49e-16	6.57e-18
58523.12	18.72	0.04	1.59e-16	5.53e-18
58539.13	12.30	nan	5.86e-14	nan
58539.13	18.74	0.04	1.56e-16	5.72e-18
58540.13	12.30	nan	5.87e-14	nan
58540.13	18.80	0.05	1.47e-16	6.16e-18
58540.13	12.31	nan	5.84e-14	nan
58540.13	18.74	0.04	1.56e-16	6.37e-18
58691.48	18.57	0.04	1.82e-16	6.17e-18
58693.45	18.61	0.02	1.76e-16	3.67e-18
58694.44	18.63	0.02	1.73e-16	3.27e-18
58695.44	18.70	0.03	1.62e-16	3.81e-18
58695.46	18.62	0.02	1.74e-16	3.28e-18
58696.44	18.64	0.02	1.70e-16	3.33e-18
58698.45	18.64	0.02	1.71e-16	3.74e-18
58700.50	18.56	0.04	1.84e-16	7.22e-18
58701.46	18.61	0.02	1.75e-16	3.86e-18
58704.44	18.69	0.03	1.64e-16	4.87e-18
58704.46	18.61	0.02	1.76e-16	4.01e-18
58705.50	18.61	0.03	1.75e-16	4.30e-18
58706.46	18.61	0.02	1.75e-16	3.19e-18
58707.44	18.59	0.03	1.79e-16	4.58e-18
58707.44	18.56	0.02	1.84e-16	3.70e-18
58711.49	18.48	0.06	1.98e-16	1.08e-17
58711.49	18.56	0.08	1.84e-16	1.30e-17
58713.48	18.67	0.08	1.65e-16	1.28e-17
58714.48	18.67	0.07	1.66e-16	1.03e-17
58714.48	18.70	0.07	1.62e-16	9.90e-18
58718.45	18.64	0.05	1.71e-16	7.95e-18
58724.46	18.63	0.03	1.72e-16	4.19e-18
58727.46	18.56	0.02	1.84e-16	3.69e-18
58730.46	18.59	0.03	1.79e-16	4.23e-18
58732.42	18.57	0.02	1.83e-16	2.96e-18
58734.48	18.63	0.02	1.73e-16	3.50e-18
58734.50	18.66	0.03	1.67e-16	4.23e-18
58735.44	18.62	0.03	1.74e-16	4.27e-18
58738.46	18.62	0.05	1.74e-16	8.68e-18
58741.50	18.47	0.08	2.00e-16	1.54e-17
58745.50	18.58	0.09	1.81e-16	1.44e-17
58746.46	18.71	0.05	1.60e-16	7.72e-18
58746.46	18.50	0.04	1.95e-16	7.50e-18
58749.38	18.57	0.02	1.83e-16	3.33e-18
58749.38	18.63	0.02	1.72e-16	3.46e-18
58751.40	18.61	0.03	1.76e-16	4.84e-18
58756.42	18.57	0.02	1.82e-16	3.99e-18
58758.44	18.64	0.03	1.71e-16	4.37e-18
58758.44	18.63	0.02	1.72e-16	3.56e-18
58759.42	18.53	0.02	1.88e-16	3.35e-18
58760.45	18.65	0.03	1.69e-16	4.71e-18
58760.45	18.61	0.03	1.75e-16	4.63e-18
58763.41	18.59	0.02	1.79e-16	3.83e-18
58764.35	18.54	0.03	1.87e-16	4.77e-18
58764.35	18.55	0.03	1.85e-16	4.73e-18
58766.33	18.52	0.06	1.91e-16	1.04e-17
58766.33	18.57	0.07	1.83e-16	1.13e-17
58766.40	18.55	0.05	1.85e-16	7.80e-18
58767.36	18.59	0.10	1.79e-16	1.72e-17
58768.42	18.71	0.08	1.60e-16	1.22e-17
58768.42	18.55	0.07	1.85e-16	1.13e-17
58769.48	18.35	0.13	2.23e-16	2.58e-17
58772.32	18.41	0.19	2.11e-16	3.79e-17
58781.39	18.54	0.04	1.88e-16	6.88e-18
58787.36	18.59	0.06	1.80e-16	1.01e-17
58790.29	18.60	0.03	1.77e-16	5.15e-18
58800.22	18.52	0.14	1.91e-16	2.43e-17
58803.23	18.46	0.06	2.01e-16	1.19e-17
58806.34	18.51	0.05	1.93e-16	8.07e-18
58811.21	18.53	0.03	1.88e-16	5.50e-18
58811.21	12.25	nan	6.14e-14	nan
58833.17	18.51	0.03	1.93e-16	5.49e-18
58836.13	18.46	0.03	2.01e-16	4.80e-18
58839.13	18.42	0.14	2.09e-16	2.69e-17
58850.17	18.47	0.04	2.00e-16	6.97e-18
58859.09	18.41	0.06	2.11e-16	1.17e-17
58862.14	18.51	0.02	1.93e-16	4.37e-18
58871.15	18.50	0.03	1.94e-16	6.20e-18
58874.15	18.41	0.04	2.11e-16	8.14e-18
58875.15	18.48	0.02	1.99e-16	4.27e-18
58875.16	18.55	0.02	1.86e-16	3.62e-18
58876.13	18.40	0.03	2.14e-16	6.09e-18
58882.10	18.42	0.06	2.10e-16	1.16e-17
58882.11	18.37	0.05	2.20e-16	9.27e-18
58885.11	18.36	0.05	2.21e-16	1.05e-17
58886.15	18.58	0.10	1.81e-16	1.66e-17
58887.19	18.54	0.09	1.86e-16	1.61e-17
58891.15	18.51	0.04	1.92e-16	6.67e-18
58894.17	18.44	0.03	2.06e-16	6.62e-18
58895.14	18.52	0.04	1.90e-16	6.96e-18
58900.14	18.49	0.05	1.96e-16	8.61e-18
58905.14	18.51	0.07	1.93e-16	1.17e-17
59053.43	18.64	0.03	1.70e-16	4.86e-18
59054.48	18.62	0.03	1.73e-16	4.37e-18
59056.45	18.61	0.03	1.76e-16	4.68e-18
59062.42	18.66	0.10	1.68e-16	1.60e-17
59063.44	18.55	0.09	1.86e-16	1.61e-17
59064.48	18.55	0.07	1.85e-16	1.25e-17
59066.42	18.63	0.10	1.72e-16	1.59e-17
59067.48	18.71	0.08	1.60e-16	1.20e-17
59067.48	18.55	0.07	1.85e-16	1.19e-17
59068.49	18.52	0.06	1.91e-16	9.89e-18
59069.38	18.55	0.09	1.86e-16	1.51e-17
59073.42	18.60	0.05	1.77e-16	8.92e-18
59075.45	18.67	0.04	1.67e-16	5.71e-18
59076.48	18.57	0.02	1.81e-16	4.07e-18
59076.48	18.62	0.03	1.74e-16	4.41e-18
59077.43	18.61	0.03	1.76e-16	4.57e-18
59080.46	18.57	0.03	1.83e-16	4.72e-18
59081.48	18.66	0.03	1.68e-16	4.80e-18
59082.44	18.55	0.06	1.85e-16	9.49e-18
59082.44	18.56	0.05	1.84e-16	9.26e-18
59082.46	18.58	0.04	1.81e-16	6.48e-18
59082.46	18.71	0.04	1.61e-16	6.37e-18
59084.41	18.58	0.02	1.80e-16	3.87e-18
59084.41	18.62	0.02	1.74e-16	3.28e-18
59084.42	18.62	0.02	1.74e-16	2.90e-18
59084.46	18.57	0.02	1.82e-16	3.57e-18
59085.44	18.64	0.02	1.71e-16	3.68e-18
59086.48	18.55	0.02	1.86e-16	3.78e-18
59086.48	18.62	0.03	1.73e-16	4.04e-18
59087.48	18.57	0.03	1.82e-16	4.25e-18
59087.48	18.61	0.02	1.76e-16	3.97e-18
59091.39	18.46	0.04	2.01e-16	7.92e-18
59091.39	18.56	0.04	1.83e-16	7.20e-18
59091.40	18.60	0.05	1.77e-16	7.99e-18
59091.44	18.53	0.03	1.89e-16	4.45e-18
59092.40	18.49	0.05	1.95e-16	9.61e-18
59092.41	18.62	0.06	1.74e-16	9.60e-18
59092.41	18.57	0.05	1.83e-16	9.11e-18
59093.46	18.54	0.07	1.87e-16	1.13e-17
59094.50	18.53	0.09	1.89e-16	1.57e-17
59094.50	18.53	0.09	1.90e-16	1.65e-17
59095.34	18.44	0.18	2.05e-16	3.42e-17
59095.34	18.73	0.19	1.58e-16	2.73e-17
59102.50	18.80	nan	1.47e-16	nan
59107.40	18.57	0.03	1.83e-16	4.61e-18
59110.50	18.55	0.03	1.86e-16	4.55e-18
59113.42	18.53	0.02	1.88e-16	3.09e-18
59116.31	18.50	0.02	1.95e-16	3.96e-18
59120.34	18.50	0.05	1.94e-16	8.84e-18
59120.34	18.44	0.04	2.04e-16	8.21e-18
59120.34	18.45	0.05	2.04e-16	9.35e-18
59121.34	18.46	0.06	2.01e-16	1.12e-17
59121.34	18.51	0.05	1.92e-16	9.44e-18
59121.34	18.42	0.06	2.09e-16	1.12e-17
59122.33	18.49	0.09	1.95e-16	1.58e-17
59122.33	18.48	0.08	1.98e-16	1.44e-17
59122.33	18.57	0.08	1.83e-16	1.39e-17
59124.48	18.55	0.11	1.85e-16	1.87e-17
59127.40	18.46	0.14	2.01e-16	2.64e-17
59128.35	18.47	0.08	1.99e-16	1.43e-17
59128.35	18.46	0.07	2.01e-16	1.36e-17
59129.36	18.48	0.04	1.99e-16	7.58e-18
59129.37	18.43	0.04	2.07e-16	7.17e-18
59129.37	18.39	0.03	2.15e-16	6.91e-18
59130.39	18.46	0.04	2.02e-16	6.70e-18
59130.39	18.45	0.03	2.03e-16	6.36e-18
59131.37	18.38	0.04	2.17e-16	7.38e-18
59131.37	18.48	0.04	1.97e-16	7.51e-18
59131.37	18.50	0.04	1.94e-16	6.88e-18
59134.38	18.49	0.03	1.96e-16	4.83e-18
59135.29	18.45	0.01	2.03e-16	2.58e-18
59135.29	18.43	0.01	2.07e-16	2.80e-18
59136.35	18.48	0.01	1.97e-16	2.53e-18
59136.35	18.47	0.01	2.01e-16	2.65e-18
59136.38	18.51	0.02	1.93e-16	2.88e-18
59137.41	18.48	0.02	1.97e-16	3.07e-18
59137.41	18.49	0.02	1.96e-16	3.40e-18
59138.37	18.54	0.02	1.87e-16	4.29e-18
59140.38	18.52	0.02	1.92e-16	3.94e-18
59142.40	18.54	0.02	1.88e-16	2.63e-18
59143.36	18.51	0.01	1.93e-16	2.62e-18
59144.36	18.53	0.01	1.89e-16	1.92e-18
59144.36	18.52	0.01	1.90e-16	1.81e-18
59145.29	18.48	0.02	1.98e-16	2.97e-18
59146.37	18.36	0.05	2.22e-16	9.42e-18
59150.38	18.44	0.06	2.05e-16	1.16e-17
59150.38	18.47	0.06	2.00e-16	1.03e-17
59155.22	18.47	0.09	1.99e-16	1.64e-17
59155.22	18.35	0.08	2.24e-16	1.60e-17
59156.38	18.47	0.11	2.00e-16	1.98e-17
59157.37	18.38	0.05	2.16e-16	9.72e-18
59157.37	18.40	0.06	2.14e-16	1.17e-17
59158.28	18.43	0.05	2.07e-16	9.85e-18
59158.28	18.41	0.05	2.10e-16	8.85e-18
59164.35	18.41	0.02	2.10e-16	4.40e-18
59165.30	18.43	0.02	2.08e-16	3.80e-18
59165.30	18.38	0.02	2.16e-16	3.62e-18
59167.32	18.44	0.03	2.05e-16	5.67e-18
59167.32	18.43	0.03	2.07e-16	5.85e-18
59168.27	18.41	0.02	2.11e-16	3.43e-18
59169.32	18.42	0.02	2.09e-16	4.58e-18
59169.32	18.36	0.02	2.20e-16	4.85e-18
59170.24	18.40	0.02	2.12e-16	3.30e-18
59171.26	18.42	0.02	2.09e-16	4.21e-18
59171.26	18.36	0.02	2.22e-16	3.44e-18
59174.26	18.44	0.04	2.05e-16	7.90e-18
59176.26	18.35	0.04	2.24e-16	7.78e-18
59178.17	18.36	0.04	2.22e-16	8.15e-18
59182.23	18.41	0.08	2.11e-16	1.51e-17
59184.20	18.28	0.07	2.37e-16	1.45e-17
59184.21	18.55	0.10	1.85e-16	1.69e-17
59184.23	18.31	0.07	2.31e-16	1.44e-17
59185.11	18.33	0.06	2.28e-16	1.25e-17
59185.30	18.35	0.06	2.23e-16	1.25e-17
59187.15	18.40	0.03	2.14e-16	6.10e-18
59187.37	18.38	0.08	2.18e-16	1.64e-17
59188.19	18.46	0.03	2.01e-16	6.32e-18
59188.19	18.42	0.03	2.10e-16	6.03e-18
59188.35	18.41	0.05	2.11e-16	1.01e-17
59189.16	18.40	0.04	2.14e-16	7.17e-18
59190.29	18.40	0.03	2.12e-16	5.15e-18
59191.23	18.09	nan	2.82e-16	nan
59192.21	18.42	0.03	2.09e-16	6.21e-18
59193.21	18.43	0.03	2.08e-16	5.58e-18
59194.19	18.51	0.03	1.92e-16	4.92e-18
59194.25	18.48	0.02	1.99e-16	4.33e-18
59195.19	18.45	0.03	2.04e-16	5.64e-18
59195.19	18.42	0.02	2.10e-16	3.76e-18
59195.24	18.44	0.02	2.05e-16	4.23e-18
59198.19	18.49	0.04	1.96e-16	6.56e-18
59199.28	18.41	0.03	2.12e-16	6.67e-18
59202.21	18.44	0.03	2.06e-16	6.15e-18
59204.23	18.38	0.03	2.18e-16	6.39e-18
59206.19	18.32	nan	2.30e-16	nan
59210.19	18.41	0.06	2.11e-16	1.22e-17
59218.20	18.45	0.03	2.03e-16	5.73e-18
59220.15	18.44	0.03	2.04e-16	5.04e-18
59222.16	18.48	0.07	1.99e-16	1.19e-17
59224.17	18.38	0.03	2.18e-16	6.44e-18
59225.13	17.78	nan	3.78e-16	nan
59226.17	18.45	0.04	2.04e-16	6.64e-18
59227.18	18.37	0.04	2.19e-16	7.65e-18
59228.17	18.34	0.04	2.26e-16	8.19e-18
59228.17	18.48	0.04	1.98e-16	7.33e-18
59230.17	18.45	0.03	2.03e-16	5.66e-18
59231.13	18.50	0.04	1.95e-16	6.95e-18
59232.20	18.37	0.03	2.19e-16	5.45e-18
59248.13	18.38	0.03	2.17e-16	6.69e-18
59250.13	18.42	0.03	2.09e-16	5.53e-18
59252.13	18.40	0.03	2.13e-16	5.38e-18
59254.13	18.40	0.02	2.14e-16	4.73e-18
59256.15	18.45	0.03	2.03e-16	5.65e-18
59264.14	18.43	0.06	2.07e-16	1.11e-17
59418.45	18.93	nan	1.30e-16	nan
59422.46	18.29	0.06	2.35e-16	1.35e-17
59424.46	18.38	0.05	2.17e-16	9.90e-18
59429.44	18.42	0.03	2.09e-16	6.12e-18
59438.46	18.38	0.03	2.17e-16	5.33e-18
59442.48	18.43	0.02	2.07e-16	4.45e-18
59446.48	18.46	0.02	2.02e-16	3.59e-18
59449.43	18.35	0.13	2.24e-16	2.68e-17
59450.44	18.22	0.09	2.52e-16	2.13e-17
59450.45	18.32	0.11	2.29e-16	2.26e-17
59459.44	18.45	0.02	2.04e-16	3.47e-18
59459.44	18.45	0.02	2.04e-16	3.56e-18
59460.44	18.47	0.02	1.99e-16	3.68e-18
59461.44	18.43	0.02	2.08e-16	4.03e-18
59461.44	18.48	0.02	1.98e-16	4.15e-18
59462.47	18.41	0.02	2.11e-16	3.95e-18
59463.44	18.44	0.02	2.05e-16	4.05e-18
59463.44	18.42	0.02	2.08e-16	3.68e-18
59464.46	18.49	0.02	1.95e-16	4.49e-18
59465.42	18.44	0.02	2.05e-16	4.16e-18
59467.46	18.44	0.02	2.05e-16	4.18e-18
59471.38	18.53	0.03	1.89e-16	5.97e-18
59474.42	18.47	0.01	1.99e-16	2.55e-18
59474.42	18.44	0.01	2.05e-16	2.51e-18
59475.46	18.43	0.03	2.07e-16	5.03e-18
59477.33	18.35	0.08	2.22e-16	1.57e-17
59477.33	18.36	0.08	2.21e-16	1.55e-17
59478.41	18.39	0.09	2.15e-16	1.77e-17
59479.35	18.40	0.11	2.13e-16	2.14e-17
59484.38	18.45	0.04	2.04e-16	7.56e-18
59484.39	18.45	0.04	2.04e-16	8.16e-18
59485.34	18.28	nan	2.38e-16	nan
59487.43	18.44	0.03	2.06e-16	5.56e-18
59487.44	18.40	0.03	2.13e-16	5.58e-18
59488.39	18.42	0.02	2.08e-16	4.68e-18
59489.36	18.48	0.03	1.97e-16	4.98e-18
59489.36	18.48	0.02	1.97e-16	3.76e-18
59494.36	18.57	0.10	1.83e-16	1.73e-17
59498.41	18.46	0.03	2.02e-16	4.94e-18
59501.40	18.42	0.02	2.10e-16	4.37e-18
59502.42	18.52	0.04	1.91e-16	6.63e-18
59503.34	18.42	0.06	2.10e-16	1.07e-17
59503.34	18.34	0.04	2.25e-16	9.31e-18
59504.43	18.40	0.04	2.13e-16	8.61e-18
59505.23	18.31	0.08	2.31e-16	1.77e-17
59509.37	18.33	0.06	2.27e-16	1.29e-17
59510.28	18.62	0.08	1.73e-16	1.27e-17
59511.37	18.38	0.06	2.18e-16	1.20e-17
59512.38	18.43	0.04	2.07e-16	7.55e-18
59517.27	18.42	0.02	2.08e-16	4.33e-18
59517.27	18.39	0.02	2.14e-16	3.52e-18
59518.28	18.46	0.01	2.01e-16	2.32e-18
59520.30	18.47	0.02	2.00e-16	3.12e-18
59521.30	18.50	0.02	1.95e-16	3.29e-18
59521.30	18.45	0.02	2.04e-16	3.13e-18
59522.36	18.46	0.02	2.01e-16	3.80e-18
59523.32	18.45	0.02	2.03e-16	3.03e-18
59523.32	18.47	0.01	1.99e-16	2.60e-18
59524.33	18.48	0.01	1.98e-16	2.39e-18
59525.32	18.43	0.02	2.08e-16	4.14e-18
59525.32	18.47	0.02	2.00e-16	3.72e-18
59526.33	18.47	0.01	2.00e-16	2.73e-18
59527.30	18.44	0.03	2.05e-16	5.71e-18
59527.30	18.49	0.03	1.96e-16	5.14e-18
59529.32	18.44	0.02	2.06e-16	4.15e-18
59530.30	18.47	0.04	2.00e-16	7.09e-18
59530.30	18.44	0.04	2.05e-16	6.97e-18
59531.36	18.34	0.03	2.24e-16	5.54e-18
59532.25	18.37	0.05	2.19e-16	1.01e-17
59532.26	18.39	0.05	2.15e-16	1.01e-17
59537.28	18.29	0.18	2.35e-16	3.93e-17
59537.28	18.12	0.13	2.76e-16	3.41e-17
59538.23	18.42	0.07	2.09e-16	1.28e-17
59540.36	18.49	0.07	1.96e-16	1.34e-17
59540.36	18.53	0.09	1.89e-16	1.48e-17
59542.28	18.44	0.05	2.05e-16	9.22e-18
59550.23	18.41	0.02	2.11e-16	4.06e-18
59622.16	18.51	0.08	1.93e-16	1.36e-17
59624.13	18.46	0.06	2.02e-16	1.10e-17
59627.17	18.42	0.10	2.09e-16	1.95e-17
59629.17	18.54	0.08	1.87e-16	1.45e-17
59787.46	18.52	0.03	1.91e-16	6.14e-18
59793.46	18.45	0.02	2.04e-16	4.58e-18
59795.42	18.52	0.10	1.90e-16	1.77e-17
59798.44	18.45	0.03	2.03e-16	6.05e-18
59801.40	18.43	0.08	2.08e-16	1.53e-17
59806.46	18.49	0.07	1.97e-16	1.30e-17
59809.42	18.44	0.07	2.06e-16	1.30e-17
59812.44	18.49	0.03	1.96e-16	4.82e-18
59815.46	18.52	0.02	1.91e-16	3.85e-18
59817.44	18.50	0.03	1.94e-16	4.60e-18
59819.44	18.53	0.03	1.90e-16	4.44e-18
59822.44	18.46	0.03	2.01e-16	5.58e-18
59824.42	18.49	0.03	1.97e-16	4.57e-18
59840.43	18.56	0.03	1.84e-16	4.90e-18
59840.49	18.49	0.02	1.96e-16	4.33e-18
59842.44	18.51	0.03	1.93e-16	5.57e-18
59844.45	18.55	0.03	1.86e-16	5.17e-18
59847.38	18.50	0.03	1.94e-16	4.49e-18
59849.44	18.53	0.03	1.88e-16	5.22e-18
59851.47	18.50	0.02	1.94e-16	3.80e-18
59856.33	18.45	0.02	2.04e-16	3.80e-18
59858.40	18.47	0.04	2.00e-16	7.67e-18
59860.35	18.47	0.07	1.99e-16	1.22e-17
59864.40	18.51	0.10	1.93e-16	1.70e-17
59866.32	18.44	0.05	2.05e-16	9.15e-18
59870.34	18.48	0.03	1.97e-16	5.49e-18
59874.39	18.50	0.02	1.95e-16	3.44e-18
59877.40	18.47	0.03	1.99e-16	6.03e-18
59879.32	18.53	0.03	1.88e-16	4.62e-18
59881.34	18.42	0.02	2.08e-16	3.77e-18
59883.23	18.42	0.02	2.08e-16	4.80e-18
59888.24	18.53	0.21	1.89e-16	3.68e-17
59894.38	18.47	0.09	1.99e-16	1.71e-17
59896.24	18.46	0.05	2.01e-16	8.40e-18
59897.25	18.48	0.04	1.97e-16	6.73e-18
59899.25	18.48	0.04	1.98e-16	8.20e-18
59901.30	18.46	0.03	2.02e-16	5.58e-18
59903.23	18.48	0.03	1.97e-16	5.98e-18
59910.23	18.45	0.03	2.04e-16	4.86e-18
59913.22	18.50	0.05	1.93e-16	8.78e-18
59922.23	18.43	0.07	2.07e-16	1.25e-17
59930.21	18.59	0.04	1.79e-16	5.89e-18
59933.30	18.42	0.07	2.09e-16	1.34e-17
59951.19	18.39	0.08	2.14e-16	1.58e-17
59956.28	18.42	0.07	2.08e-16	1.32e-17
59958.27	18.68	0.07	1.64e-16	1.09e-17
59967.17	18.63	0.07	1.73e-16	1.14e-17
59969.19	18.52	0.05	1.92e-16	8.09e-18
60153.43	18.56	0.04	1.83e-16	5.95e-18
60161.43	18.64	0.09	1.71e-16	1.41e-17
60165.47	18.53	0.03	1.89e-16	5.80e-18
60169.48	18.53	0.02	1.90e-16	3.45e-18
60173.48	18.51	0.02	1.92e-16	4.36e-18
60182.38	18.44	0.03	2.05e-16	5.53e-18
60184.44	18.54	0.03	1.87e-16	4.66e-18
60192.38	18.50	0.05	1.94e-16	8.31e-18
60195.41	18.55	0.04	1.86e-16	6.14e-18
60198.38	18.51	0.03	1.93e-16	5.40e-18
60203.42	18.58	0.02	1.81e-16	2.73e-18
60207.42	18.64	0.03	1.71e-16	4.57e-18
60211.38	18.54	0.03	1.87e-16	4.54e-18
60213.44	18.53	0.03	1.89e-16	5.85e-18
60215.50	18.51	0.06	1.92e-16	1.04e-17
60221.37	18.53	0.05	1.89e-16	9.13e-18
60223.31	18.46	0.03	2.02e-16	5.52e-18
60228.40	18.58	0.02	1.81e-16	4.02e-18
60231.34	18.58	0.02	1.80e-16	3.83e-18
60233.38	18.54	0.03	1.88e-16	4.34e-18
60235.38	18.52	0.02	1.90e-16	3.58e-18
60237.28	18.49	0.03	1.96e-16	5.60e-18
60239.46	18.58	0.02	1.81e-16	3.86e-18
60244.36	18.55	0.09	1.85e-16	1.56e-17
60247.16	18.97	nan	1.26e-16	nan
