mjd,flux,fluxe,flux_rolling_mean,flux_rolling_rmsd
58364.28,2.02e-16,3.21e-18,2.2429999999999997e-16,5.696111111111107e-18
58364.45,2.25e-16,2.13e-18,2.2336666666666664e-16,5.82444444444444e-18
58365.42,2.17e-16,3.02e-18,2.228666666666667e-16,5.853888888888887e-18
58366.46,2.24e-16,2.25e-18,2.2213333333333335e-16,5.273333333333333e-18
58367.42,2.24e-16,4.51e-18,2.2206666666666665e-16,5.228333333333336e-18
58367.46,2.3e-16,4.39e-18,2.2196666666666669e-16,5.245555555555557e-18
58368.39,2.2049999999999998e-16,3.955e-18,2.2173333333333333e-16,5.425000000000002e-18
58369.33,2.14e-16,3.3e-18,2.227e-16,5.835555555555557e-18
58370.34,2.26e-16,4.35e-18,2.225e-16,6.045000000000002e-18
58370.35,2.25e-16,3.8e-18,2.2233333333333333e-16,6.301111111111113e-18
58372.43,2.155e-16,4.04e-18,2.22e-16,6.625000000000001e-18
58373.4,2.18e-16,4.44e-18,2.221e-16,6.664444444444446e-18
58376.32,2.29e-16,4.59e-18,2.2273333333333335e-16,6.5061111111111136e-18
58378.33,2.19e-16,3.8300000000000004e-18,2.243e-16,7.12777777777778e-18
58379.36,2.23e-16,4.37e-18,2.247e-16,7.245000000000001e-18
58382.27,2.13e-16,5.22e-18,2.2503333333333335e-16,7.303333333333334e-18
58382.43,2.21e-16,4.32e-18,2.2623333333333335e-16,6.718333333333334e-18
58383.29,2.32e-16,7.23e-18,2.266333333333333e-16,6.7599999999999995e-18
58384.31,2.27e-16,8.28e-18,2.2700000000000004e-16,6.799444444444443e-18
58385.38,2.26e-16,1.18e-17,2.274e-16,6.765555555555553e-18
58388.34,2.15e-16,9.53e-18,2.278e-16,6.703888888888886e-18
58388.37,2.49e-16,9.08e-18,2.278e-16,6.643333333333333e-18
58389.38,2.19e-16,6.1e-18,2.2858333333333333e-16,6.7972222222222206e-18
58390.34,2.19e-16,5.76e-18,2.2955e-16,6.676666666666664e-18
58397.36,2.18e-16,4.46e-18,2.2951666666666666e-16,7.017222222222219e-18
58424.2,2.28e-16,1.28e-17,2.2988333333333332e-16,7.04444444444444e-18
58425.2,2.35e-16,1.47e-18,2.3053333333333335e-16,7.007222222222218e-18
58428.21,2.36e-16,3.07e-18,2.316166666666667e-16,6.7961111111111036e-18
58429.25,2.4e-16,3.28e-18,2.3258333333333335e-16,6.917777777777769e-18
58430.26,2.38e-16,3.5e-18,2.3325000000000004e-16,7.00277777777777e-18
58431.21,2.37e-16,3.78e-18,2.3411666666666667e-16,6.60888888888888e-18
58432.25,2.28e-16,2.7e-18,2.3505e-16,6.791666666666657e-18
58434.26,2.36e-16,3.24e-18,2.3515000000000003e-16,6.708888888888878e-18
58435.2,2.36e-16,2.82e-18,2.3591666666666667e-16,7.109444444444433e-18
58436.18,2.3e-16,6.53e-18,2.362166666666667e-16,7.156296296296284e-18
58437.24,2.44e-16,1.87e-18,2.3815000000000003e-16,7.903888888888876e-18
58441.26,2.43e-16,9.04e-18,2.379166666666667e-16,7.343703703703692e-18
58443.2,2.25e-16,1.21e-17,2.3871666666666664e-16,7.228888888888878e-18
58468.3,2.36e-16,7.76e-18,2.394833333333333e-16,7.071851851851839e-18
58471.1,2.35e-16,1.55e-17,2.4038333333333335e-16,6.983703703703692e-18
58482.15,2.42e-16,1.56e-18,2.4045000000000004e-16,7.11185185185184e-18
58483.12,2.375e-16,1.243e-18,2.3998333333333333e-16,7.429444444444434e-18
58493.16,2.48e-16,3.57e-18,2.3905e-16,6.483703703703695e-18
58503.16,2.43e-16,1.17e-17,2.3875000000000003e-16,6.564629629629623e-18
58509.15,2.39e-16,7.24e-18,2.3878333333333333e-16,6.59314814814814e-18
58514.15,2.49e-16,1.95e-18,2.382833333333333e-16,6.731851851851845e-18
58642.42,2.35e-16,1.48e-18,2.3788333333333336e-16,6.840555555555548e-18
58646.45,2.5e-16,5.18e-18,2.3798333333333335e-16,6.6307407407407346e-18
58649.47,2.35e-16,6.05e-18,2.3780555555555556e-16,6.634259259259257e-18
58658.47,2.42e-16,5.55e-18,2.3760555555555553e-16,6.739814814814811e-18
58661.47,2.43e-16,2.6e-18,2.368611111111111e-16,6.712407407407405e-18
58674.45,2.42e-16,3.67e-18,2.3616111111111115e-16,6.679444444444443e-18
58677.47,2.45e-16,3.91e-18,2.3612777777777775e-16,6.260925925925926e-18
58680.48,2.3e-16,7.34e-18,2.357277777777778e-16,6.1501851851851855e-18
58683.48,2.21e-16,5.73e-18,2.3499444444444445e-16,6.318333333333333e-18
58686.48,2.33e-16,5.84e-18,2.3429444444444446e-16,6.3387037037037065e-18
58688.48,2.27e-16,5.39e-18,2.338111111111111e-16,6.257962962962966e-18
58688.49,2.4099999999999997e-16,3.9800000000000004e-18,2.327277777777778e-16,6.21055555555556e-18
58690.47,2.23e-16,3.7e-18,2.3191111111111113e-16,6.207592592592599e-18
58691.49,2.25e-16,1.599e-18,2.3114444444444444e-16,6.386851851851859e-18
58693.43,2.31e-16,4.69e-18,2.302444444444444e-16,6.045370370370378e-18
58695.41,2.306666666666667e-16,3.5499999999999996e-18,2.2971111111111106e-16,6.035740740740748e-18
58696.43,2.35e-16,4.55e-18,2.2866111111111113e-16,5.733888888888897e-18
58699.45,2.25e-16,4.18e-18,2.2812777777777777e-16,5.708333333333343e-18
58700.49,2.2166666666666669e-16,2.5533333333333336e-18,2.266944444444445e-16,4.8350000000000086e-18
58706.46,2.22e-16,4.43e-18,2.2609444444444444e-16,4.793888888888896e-18
58709.48,2.24e-16,4.62e-18,2.251611111111111e-16,4.787592592592599e-18
58713.45,2.24e-16,9.715000000000001e-18,2.241611111111111e-16,4.900185185185193e-18
58715.51,2.13e-16,9.69e-18,2.2342777777777776e-16,4.652777777777786e-18
58718.41,2.21e-16,1.3e-19,2.2316111111111114e-16,4.464629629629637e-18
58718.46,2.2299999999999998e-16,3.135e-18,2.230611111111111e-16,4.1475925925926e-18
58722.43,2.155e-16,3.3650000000000002e-18,2.230277777777778e-16,4.413888888888896e-18
58723.45,2.185e-16,3.67e-18,2.2266111111111113e-16,4.416296296296304e-18
58724.45,2.1599999999999998e-16,3.216666666666667e-18,2.2159444444444444e-16,4.6283333333333414e-18
58725.39,2.22e-16,3.47e-18,2.2152777777777777e-16,4.434629629629638e-18
58726.41,2.19e-16,3.43e-18,2.2159444444444447e-16,4.315370370370378e-18
58727.43,2.185e-16,3.12e-18,2.2146111111111113e-16,4.359074074074081e-18
58727.45,2.19e-16,4.55e-18,2.2103888888888891e-16,4.575000000000006e-18
58730.47,2.3e-16,3.49e-18,2.2097222222222222e-16,4.6053703703703785e-18
58733.45,2.24e-16,4.26e-18,2.208388888888889e-16,4.681666666666675e-18
58734.4,2.15e-16,2.135e-18,2.2095e-16,4.586851851851858e-18
58736.46,2.12e-16,4.02e-18,2.2121666666666665e-16,4.524814814814821e-18
58737.42,2.23e-16,6.14e-18,2.2155e-16,4.6305555555555616e-18
58737.43,2.22e-16,5.87e-18,2.219166666666667e-16,4.7996296296296365e-18
58738.42,2.18e-16,8.25e-18,2.2248333333333334e-16,4.454259259259266e-18
58739.5,2.32e-16,1.165e-17,2.2271666666666667e-16,4.473333333333339e-18
58743.4,2.16e-16,1.76e-17,2.2288333333333336e-16,4.5612962962963025e-18
58746.38,2.09e-16,2.41e-18,2.236333333333333e-16,4.559259259259265e-18
58746.41,2.21e-16,5.885000000000001e-18,2.241e-16,4.453888888888894e-18
58748.26,2.27e-16,1.98e-18,2.2443333333333335e-16,4.468518518518523e-18
58749.32,2.27e-16,4.08e-18,2.249333333333333e-16,4.612777777777781e-18
58749.43,2.18e-16,1.7935e-18,2.2543333333333337e-16,4.587407407407411e-18
58750.39,2.3300000000000004e-16,2.245e-18,2.2574999999999997e-16,4.625370370370374e-18
58757.41,2.21e-16,6.09e-19,2.2641666666666666e-16,4.775185185185189e-18
58758.36,2.25e-16,4.16e-18,2.271833333333333e-16,5.166481481481485e-18
58758.38,2.3e-16,2.7100000000000002e-18,2.277666666666667e-16,5.3777777777777805e-18
58760.36,2.34e-16,4.04e-18,2.2966666666666667e-16,6.520555555555557e-18
58760.37,2.35e-16,3.59e-18,2.2976666666666666e-16,6.746666666666669e-18
58760.38,2.3e-16,6.95e-19,2.2993333333333335e-16,6.771666666666667e-18
58763.38,2.28e-16,3.58e-18,2.3073333333333333e-16,7.32888888888889e-18
58763.39,2.28e-16,3.78e-18,2.3070000000000003e-16,7.565e-18
58764.16,2.38e-16,5.25e-18,2.3053333333333335e-16,7.294444444444444e-18
58764.29,2.3250000000000003e-16,4.425e-18,2.315e-16,7.651666666666666e-18
58765.16,2.26e-16,7.04e-18,2.320333333333333e-16,7.219444444444442e-18
58766.16,2.37e-16,1.1e-17,2.322e-16,7.127777777777775e-18
58766.29,2.34e-16,1.0200000000000001e-17,2.3216666666666666e-16,7.054999999999997e-18
58767.16,2.28e-16,2.66e-17,2.321e-16,7.027777777777776e-18
58767.32,2.3900000000000004e-16,2.065e-17,2.324666666666667e-16,6.882777777777775e-18
58768.16,2.53e-16,1.64e-17,2.3223333333333335e-16,6.64833333333333e-18
58768.31,2.415e-16,1.5e-17,2.32e-16,6.833888888888885e-18
58770.16,2.15e-16,2.69e-17,2.31e-16,7.483888888888887e-18
58771.16,2.28e-16,2.16e-17,2.3019999999999997e-16,7.751666666666665e-18
58772.16,2.46e-16,1.34e-17,2.292e-16,8.16611111111111e-18
58772.25,2.17e-16,1.11e-17,2.2856666666666666e-16,8.547222222222222e-18
58772.28,2.27e-16,1.92e-17,2.2816666666666664e-16,8.66611111111111e-18
58773.16,2.45e-16,1.52e-17,2.274e-16,9.139444444444443e-18
58774.16,2.25e-16,4.53e-18,2.2666666666666667e-16,9.064999999999998e-18
58775.16,2.26e-16,1.39e-18,2.2635e-16,9.11833333333333e-18
58776.16,2.26e-16,3.23e-18,2.263833333333333e-16,9.150555555555554e-18
58777.16,2.25e-16,2.96e-18,2.2625000000000003e-16,9.452777777777778e-18
58778.16,2.29e-16,2.18e-18,2.2591666666666666e-16,9.577222222222222e-18
58779.16,2.26e-16,3.07e-18,2.257833333333333e-16,9.651666666666664e-18
58781.16,2.14e-16,5.76e-18,2.2498333333333333e-16,9.508333333333332e-18
58782.16,2.18e-16,3.26e-18,2.2451666666666667e-16,9.510555555555554e-18
58783.16,2.07e-16,1.95e-18,2.244e-16,9.876111111111113e-18
58785.16,2.1e-16,2.55e-18,2.223666666666667e-16,8.74388888888889e-18
58786.16,2.05e-16,2.13e-18,2.226666666666667e-16,8.425000000000001e-18
58787.16,2.11e-16,4.81e-19,2.225e-16,8.535000000000003e-18
58788.16,2.16e-16,3.96e-18,2.223e-16,8.73277777777778e-18
58789.16,2.05e-16,2.27e-18,2.219e-16,8.74388888888889e-18
58790.26,2.16e-16,3.31e-18,2.2123333333333335e-16,9.038333333333337e-18
58793.19,2.23e-16,3.76e-18,2.2040000000000002e-16,8.556111111111117e-18
58794.21,2.27e-16,5.18e-18,2.2e-16,8.598333333333338e-18
58796.18,2.3300000000000004e-16,1.04e-17,2.1913333333333332e-16,9.087777777777782e-18
58800.19,2.24e-16,1.04e-17,2.1843333333333333e-16,9.396111111111117e-18
58802.22,2.24e-16,6.45e-18,2.1766666666666667e-16,9.760000000000005e-18
58811.23,2.15e-16,2.72e-18,2.1723333333333333e-16,9.702777777777782e-18
58814.11,2.39e-16,3.3e-17,2.1816666666666665e-16,1.1026666666666665e-17
58819.19,2.38e-16,2.18e-17,2.1753333333333333e-16,1.1277222222222224e-17
58828.11,2.11e-16,1.65e-17,2.1726666666666665e-16,1.1127777777777777e-17
58830.2,2.24e-16,7.57e-18,2.1756666666666668e-16,1.0712222222222222e-17
58831.12,2.23e-16,5.21e-18,2.175e-16,1.041e-17
58835.13,2.4e-16,2.45e-17,2.1726666666666668e-16,1.023222222222222e-17
58838.13,2.05e-16,1.04e-17,2.169e-16,1.0154444444444444e-17
58846.1,2.07e-16,3.73e-18,2.1700000000000003e-16,1.0333333333333334e-17
58850.17,2.2e-16,5.46e-18,2.1686666666666669e-16,9.95888888888889e-18
58853.09,2.13e-16,1.13e-17,2.1593333333333334e-16,1.0382222222222225e-17
58856.09,2e-16,6.87e-18,2.1503333333333334e-16,1.0610000000000003e-17
58859.09,2.05e-16,9.85e-18,2.1463333333333332e-16,1.0732222222222222e-17
58862.11,2.02e-16,4.47e-18,2.1416666666666666e-16,1.075888888888889e-17
58864.14,2.16e-16,3.68e-18,2.1463333333333332e-16,1.1713333333333333e-17
58867.13,2.54e-16,3.03e-17,2.140666666666667e-16,1.1635555555555556e-17
58871.16,1.95e-16,5.32e-18,2.135e-16,1.1678888888888892e-17
58874.16,2.1e-16,4.36e-18,2.1203333333333332e-16,1.1124444444444447e-17
58877.18,2.16e-16,6.25e-18,2.1106666666666667e-16,1.0787777777777779e-17
58880.11,2.08e-16,4.38e-18,2.113e-16,1.1247777777777781e-17
58884.1,1.98e-16,1.98e-17,2.1033333333333336e-16,1.1083333333333335e-17
58887.18,2e-16,1.79e-17,2.0916666666666668e-16,1.1148333333333338e-17
58891.16,2.19e-16,7.34e-18,2.0733333333333333e-16,1.0724444444444448e-17
58895.13,2.01e-16,5.01e-18,2.066666666666667e-16,1.0649444444444448e-17
59024.38,1.88e-16,5.47e-18,2.0593333333333333e-16,1.0582222222222225e-17
59030.36,1.96e-16,1.43e-17,2.0543333333333334e-16,1.0903888888888892e-17
59033.45,2.15e-16,5.31e-18,2.0433333333333333e-16,1.120666666666667e-17
59036.48,2.19e-16,1.02e-17,2.0433333333333333e-16,1.0990555555555559e-17
59037.35,2.38e-16,1.74e-17,2.038e-16,1.0712222222222227e-17
59038.46,2.07e-16,7.63e-18,2.03e-16,1.0689444444444448e-17
59039.36,1.98e-16,1.2e-17,2.0153333333333334e-16,1.1180000000000002e-17
59040.48,1.95e-16,3.7e-18,1.9920000000000001e-16,9.998333333333338e-18
59040.49,2.09e-16,5.66e-18,1.9863333333333333e-16,9.728518518518523e-18
59042.36,2.18e-16,8.01e-18,1.9793333333333332e-16,9.685000000000005e-18
59043.36,1.95e-16,4.96e-18,1.965e-16,1.0005185185185191e-17
59044.36,1.88e-16,2.19e-18,1.9545000000000003e-16,1.0238148148148153e-17
59045.45,1.85e-16,4.34e-18,1.9501666666666666e-16,9.885555555555559e-18
59046.47,1.85e-16,3.98e-18,1.9465e-16,9.64703703703704e-18
59047.45,1.85e-16,4.58e-18,1.9298333333333333e-16,9.860555555555558e-18
59047.49,2.05e-16,4.12e-18,1.9221666666666667e-16,9.974074074074075e-18
59048.46,1.8000000000000002e-16,4.5e-18,1.9201666666666669e-16,9.548703703703704e-18
59048.48,2e-16,4.09e-18,1.9145e-16,9.475555555555555e-18
59049.46,1.89e-16,4.61e-18,1.9028333333333336e-16,9.318703703703706e-18
59050.44,1.78e-16,4.54e-18,1.8948333333333332e-16,9.158333333333332e-18
59051.44,1.72e-16,4.48e-18,1.8808333333333334e-16,8.389074074074076e-18
59051.45,1.84e-16,4.53e-18,1.8848333333333333e-16,9.407592592592594e-18
59052.47,1.78e-16,4.75e-18,1.8840555555555556e-16,9.661666666666665e-18
59052.48,1.89e-16,3.95e-18,1.8827222222222223e-16,9.752407407407404e-18
59053.44,1.73e-16,4.77e-18,1.8753888888888889e-16,9.527037037037036e-18
59054.48,1.765e-16,4.615e-18,1.8678888888888887e-16,9.283888888888887e-18
59055.42,1.85e-16,4.31e-18,1.8675555555555555e-16,9.618518518518517e-18
59056.44,1.89e-16,4.51e-18,1.8698888888888888e-16,9.800925925925924e-18
59057.43,1.69e-16,4.46e-18,1.8707222222222223e-16,9.664444444444441e-18
59057.44,1.78e-16,4.53e-18,1.870722222222222e-16,9.482407407407403e-18
59059.42,1.82e-16,4.56e-18,1.8717222222222222e-16,9.472037037037035e-18
59060.47,1.79e-16,4.74e-18,1.862388888888889e-16,9.141296296296294e-18
59061.46,1.8e-16,4.53e-18,1.8596111111111112e-16,8.991666666666663e-18
59062.44,1.95e-16,1.74e-18,1.8514444444444444e-16,8.807592592592591e-18
59063.46,1.96e-16,3.645e-18,1.8487777777777776e-16,8.857777777777777e-18
59065.46,2.19e-16,1.35e-17,1.8444444444444447e-16,8.889814814814812e-18
59066.42,1.9566666666666666e-16,8.7e-18,1.8451111111111111e-16,8.429629629629626e-18
59067.4,1.91e-16,7.78e-18,1.8407777777777778e-16,8.408333333333332e-18
59068.46,1.87e-16,6.2e-18,1.8339444444444443e-16,8.617777777777777e-18
59069.38,1.955e-16,5.9549999999999995e-18,1.827277777777778e-16,8.770925925925925e-18
59071.42,1.94e-16,1.8e-18,1.824611111111111e-16,8.582592592592591e-18
59071.48,1.95e-16,1.23e-18,1.8207777777777777e-16,8.510925925925927e-18
59072.38,1.875e-16,1.845e-18,1.8157777777777776e-16,8.56037037037037e-18
59072.46,1.85e-16,1.88e-18,1.8081111111111112e-16,8.716851851851853e-18
59073.38,1.88e-16,2.125e-18,1.803277777777778e-16,8.728518518518518e-18
59074.46,1.77e-16,5.86e-18,1.7986111111111113e-16,8.720185185185186e-18
59075.38,1.7166666666666666e-16,4.1200000000000004e-18,1.7919444444444443e-16,8.914074074074076e-18
59076.44,1.755e-16,3.625e-18,1.7852777777777776e-16,9.147962962962964e-18
59076.5,1.81e-16,4.07e-18,1.782111111111111e-16,9.042592592592593e-18
59077.39,1.65e-16,4.53e-18,1.7744444444444443e-16,8.76240740740741e-18
59077.4,1.74e-16,4.625e-18,1.7627777777777778e-16,8.778888888888889e-18
59078.4,1.71e-16,3.91e-18,1.7484444444444445e-16,7.748703703703706e-18
59079.47,1.575e-16,4.285e-18,1.7418888888888888e-16,7.518518518518519e-18
59080.42,1.6899999999999999e-16,4.06e-18,1.7432222222222222e-16,8.067222222222223e-18
59081.35,1.65e-16,3.53e-18,1.7388888888888888e-16,8.026481481481481e-18
59081.46,1.65e-16,3.95e-18,1.731388888888889e-16,7.64462962962963e-18
59081.47,1.7e-16,4.39e-18,1.7323888888888888e-16,8.09277777777778e-18
59082.35,1.66e-16,1.58e-17,1.7270555555555555e-16,7.881481481481484e-18
59082.38,1.545e-16,4.585e-18,1.7292222222222223e-16,8.407407407407409e-18
59084.46,1.64e-16,4.54e-18,1.7282222222222222e-16,8.585555555555558e-18
59084.48,1.62e-16,4.31e-18,1.729888888888889e-16,8.99814814814815e-18
59085.36,1.59e-16,4.69e-18,1.7325555555555555e-16,9.303333333333337e-18
59085.38,1.705e-16,4.725e-18,1.733e-16,9.052962962962966e-18
59086.47,1.7199999999999998e-16,4.295e-18,1.7345000000000001e-16,9.170370370370373e-18
59087.46,1.61e-16,3.71e-18,1.7261666666666666e-16,9.666296296296297e-18
59087.48,1.76e-16,3.83e-18,1.7235e-16,9.810370370370371e-18
59088.47,1.76e-16,3.92e-18,1.7175e-16,1.0348888888888889e-17
59089.33,1.95e-16,3.12e-18,1.7161666666666667e-16,1.0452962962962961e-17
59089.38,1.74e-16,4.31e-18,1.7161666666666667e-16,1.0433333333333335e-17
59089.41,1.73e-16,4.51e-18,1.716833333333333e-16,1.0333703703703706e-17
59090.33,1.97e-16,7.64e-18,1.7201666666666663e-16,1.0091851851851854e-17
59090.4,1.79e-16,3.85e-18,1.7241666666666667e-16,9.918333333333336e-18
59091.31,1.94e-16,6.92e-18,1.723e-16,1.0070370370370374e-17
59091.45,1.82e-16,4.48e-18,1.7246666666666665e-16,9.96240740740741e-18
59092.34,1.93e-16,8.57e-18,1.7295e-16,9.516111111111113e-18
59093.42,1.85e-16,9.72e-18,1.7298333333333333e-16,9.517037037037041e-18
59094.47,1.73e-16,1.67e-17,1.7298333333333333e-16,9.51740740740741e-18
59099.39,1.8e-16,7.96e-18,1.7345000000000001e-16,9.06666666666667e-18
59106.4,1.56e-16,2.4e-18,1.7366666666666667e-16,9.072222222222225e-18
59107.38,1.57e-16,2.86e-18,1.7376666666666666e-16,9.04388888888889e-18
59108.36,1.56e-16,3.62e-18,1.7443333333333333e-16,8.84888888888889e-18
59109.32,1.67e-16,3.11e-18,1.7396666666666667e-16,9.190555555555559e-18
59109.34,1.575e-16,1.9199999999999998e-18,1.736e-16,9.42888888888889e-18
59110.35,1.71e-16,3.41e-18,1.7333333333333335e-16,8.994444444444447e-18
59111.33,1.75e-16,4.36e-18,1.7336666666666667e-16,8.979444444444447e-18
59111.37,1.77e-16,3.86e-18,1.7406666666666666e-16,9.513333333333335e-18
59112.32,1.665e-16,4.71e-18,1.7430000000000002e-16,9.60388888888889e-18
59113.38,1.71e-16,4.51e-18,1.7446666666666668e-16,9.655555555555558e-18
59113.39,1.69e-16,4.35e-18,1.7403333333333331e-16,9.10777777777778e-18
59114.32,1.65e-16,4.65e-18,1.7385e-16,8.823333333333335e-18
59114.34,1.62e-16,4.51e-18,1.7299999999999998e-16,8.406111111111112e-18
59115.43,1.73e-16,4.17e-18,1.7373333333333334e-16,9.072222222222224e-18
59116.26,1.77e-16,4.03e-18,1.7403333333333331e-16,9.305000000000001e-18
59116.31,1.75e-16,4.6e-18,1.7439999999999998e-16,9.627777777777779e-18
59117.27,1.81e-16,2.8e-18,1.7523333333333334e-16,9.267777777777778e-18
59117.33,1.62e-16,4.64e-18,1.7589999999999998e-16,8.834444444444445e-18
59118.37,1.6500000000000002e-16,4.6449999999999996e-18,1.764e-16,8.277777777777779e-18
59119.34,1.87e-16,2.59e-18,1.7665e-16,8.128333333333334e-18
59119.36,1.75e-16,1.07e-18,1.7693333333333335e-16,7.817777777777777e-18
59120.26,1.94e-16,8.16e-18,1.7666666666666667e-16,8.046111111111112e-18
59121.31,2.04e-16,6.55e-18,1.7630000000000002e-16,8.283333333333333e-18
59121.42,1.84e-16,8.82e-18,1.7586666666666666e-16,8.467222222222221e-18
59122.25,1.81e-16,1.05e-17,1.7573333333333335e-16,8.488888888888888e-18
59123.38,1.765e-16,1.59e-17,1.7550000000000002e-16,8.590555555555551e-18
59125.39,1.675e-16,1.0899999999999999e-17,1.7503333333333336e-16,8.93722222222222e-18
59126.28,2.07e-16,1.09e-17,1.7499999999999998e-16,8.853888888888889e-18
59127.25,1.82e-16,1.81e-17,1.75e-16,8.767222222222222e-18
59128.29,1.91e-16,7.37e-18,1.7476666666666668e-16,8.844999999999999e-18
59129.33,1.81e-16,6.3e-19,1.7413333333333336e-16,9.087222222222222e-18
59129.34,1.77e-16,3.68e-19,1.7323333333333333e-16,9.717222222222221e-18
59130.25,1.71e-16,3.6e-18,1.7273333333333335e-16,9.550555555555554e-18
59131.34,1.745e-16,3.075e-18,1.7201666666666668e-16,9.943888888888888e-18
59134.27,1.6599999999999999e-16,3.94e-18,1.7278333333333332e-16,1.0297222222222223e-17
59135.25,1.63e-16,4.64e-18,1.7218333333333334e-16,1.0063888888888889e-17
59136.24,1.64e-16,4.29e-18,1.7275e-16,1.0882222222222221e-17
59137.24,1.64e-16,3.8e-18,1.7245e-16,1.0954999999999998e-17
59138.23,1.625e-16,3.495e-18,1.7095e-16,1.0245555555555555e-17
59139.21,1.64e-16,4.46e-18,1.7051666666666666e-16,1.0168333333333334e-17
59140.21,1.55e-16,4.61e-18,1.7043333333333334e-16,1.0436666666666667e-17
59140.28,1.64e-16,4.58e-18,1.7035e-16,1.0681666666666667e-17
59141.3,1.62e-16,4.61e-18,1.7040000000000002e-16,1.0519444444444443e-17
59143.36,1.66e-16,4.35e-18,1.6906666666666665e-16,9.45833333333333e-18
59144.32,1.58e-16,4.78e-18,1.6823333333333335e-16,9.564999999999996e-18
59144.33,1.48e-16,4.83e-18,1.675e-16,9.070555555555555e-18
59145.27,1.66e-16,4.83e-18,1.6676666666666667e-16,9.154444444444445e-18
59146.33,1.4050000000000002e-16,9.1e-18,1.662e-16,9.320555555555556e-18
59149.41,1.88e-16,9.73e-18,1.6599999999999999e-16,9.38888888888889e-18
59151.2,1.69e-16,8.77e-18,1.6565e-16,9.5e-18
59153.23,1.92e-16,1.19e-17,1.6551666666666668e-16,9.513333333333335e-18
59154.3,1.85e-16,1.15e-17,1.6548333333333333e-16,9.432222222222223e-18
59155.19,1.59e-16,8.49e-18,1.6541666666666666e-16,9.330000000000002e-18
59155.23,1.71e-16,7.54e-18,1.6518333333333333e-16,9.375555555555558e-18
59157.27,1.785e-16,7.75e-18,1.651833333333333e-16,9.243333333333334e-18
59158.17,1.74e-16,2.13e-18,1.6565e-16,9.403333333333333e-18
59164.26,1.69e-16,1.78e-18,1.6633333333333333e-16,9.202777777777778e-18
59164.27,1.67e-16,3.07e-18,1.6683333333333337e-16,9.449444444444445e-18
59165.17,1.57e-16,4.47e-18,1.6719999999999999e-16,9.434444444444443e-18
59167.33,1.69e-16,1.69e-18,1.6759999999999998e-16,9.755000000000001e-18
59168.2,1.59e-16,4.28e-18,1.6838333333333334e-16,9.944444444444443e-18
59168.21,1.6e-16,4.19e-18,1.6874999999999998e-16,9.510555555555551e-18
59169.24,1.65e-16,3.77e-18,1.6878333333333335e-16,9.491111111111107e-18
59170.21,1.64e-16,4.54e-18,1.6981666666666667e-16,8.774629629629627e-18
59170.25,1.62e-16,4.49e-18,1.6918333333333334e-16,8.092037037037034e-18
59171.25,1.62e-16,3.98e-18,1.6875e-16,8.362962962962958e-18
59172.21,1.62e-16,4.24e-18,1.6768333333333334e-16,7.720555555555552e-18
59173.2,1.57e-16,4.51e-18,1.6681666666666667e-16,7.3437037037037e-18
59176.23,1.625e-16,1.535e-17,1.6698333333333333e-16,7.229074074074071e-18
59178.14,1.78e-16,5.82e-18,1.6668333333333335e-16,7.199999999999997e-18
59179.21,1.755e-16,8.565e-18,1.6608333333333333e-16,6.96148148148148e-18
59181.19,1.79e-16,1.24e-17,1.6525000000000002e-16,7.248518518518516e-18
59183.19,1.73e-16,1.1e-17,1.6505000000000001e-16,7.23333333333333e-18
59184.19,1.78e-16,9.35e-18,1.6531666666666667e-16,7.58074074074074e-18
59185.11,1.815e-16,5.34e-18,1.6558333333333335e-16,7.268148148148149e-18
59187.13,1.5900000000000002e-16,3.665e-18,1.6548333333333333e-16,7.293333333333333e-18
59188.18,1.67e-16,2.64e-18,1.671833333333333e-16,8.548518518518517e-18
59189.15,1.715e-16,1.5295000000000002e-18,1.6729444444444445e-16,8.273148148148148e-18
59193.18,1.69e-16,2.6e-18,1.6747777777777779e-16,8.42e-18
59194.19,1.56e-16,3.07e-18,1.6747777777777776e-16,8.29074074074074e-18
59194.21,1.6e-16,3.23e-18,1.672111111111111e-16,8.305555555555555e-18
59195.17,1.59e-16,4.58e-18,1.672111111111111e-16,8.08074074074074e-18
59198.16,1.64e-16,2.22e-18,1.669777777777778e-16,8.12277777777778e-18
59198.18,1.62e-16,2.02e-18,1.6694444444444446e-16,7.992592592592592e-18
59199.17,1.605e-16,1.625e-18,1.6666111111111113e-16,8.101296296296297e-18
59200.16,1.49e-16,2.97e-18,1.6596111111111114e-16,7.871111111111113e-18
59202.17,1.63e-16,1.4945e-18,1.652111111111111e-16,7.82814814814815e-18
59203.18,1.75e-16,2.81e-18,1.644111111111111e-16,7.559629629629634e-18
59204.22,1.6500000000000002e-16,4.995e-18,1.6417777777777779e-16,7.510370370370374e-18
59205.11,1.66e-16,2.67e-18,1.6384444444444447e-16,7.40555555555556e-18
59210.2,1.6333333333333333e-16,8.939999999999999e-18,1.6284444444444445e-16,6.8168518518518556e-18
59211.11,1.705e-16,7.885000000000001e-18,1.6231111111111112e-16,6.970000000000004e-18
59215.09,1.64e-16,9.895e-19,1.6206111111111111e-16,7.143148148148152e-18
59216.14,1.5400000000000001e-16,3.233333333333333e-18,1.6162777777777778e-16,7.171851851851856e-18
59218.11,1.6200000000000002e-16,2.43e-18,1.6199444444444442e-16,7.264814814814818e-18
59218.12,1.55e-16,3.6e-18,1.6194444444444445e-16,7.246666666666671e-18
59219.11,1.56e-16,4.01e-18,1.619111111111111e-16,7.210740740740745e-18
59219.12,1.54e-16,4.41e-18,1.6174444444444447e-16,7.40481481481482e-18
59220.13,1.5699999999999999e-16,3.61e-18,1.614111111111111e-16,7.326666666666671e-18
59221.13,1.53e-16,9.38e-18,1.611277777777778e-16,7.235740740740744e-18
59223.15,1.55e-16,2.57e-18,1.6069444444444445e-16,7.051481481481483e-18
59224.15,1.66e-16,1.66e-18,1.5952777777777778e-16,7.603333333333337e-18
59224.16,1.68e-16,1.2e-18,1.5846111111111112e-16,7.363703703703705e-18
59225.25,1.55e-16,9.8e-18,1.575611111111111e-16,7.555185185185188e-18
59226.19,1.555e-16,9.545e-18,1.5767777777777778e-16,8.36666666666667e-18
59227.11,1.51e-16,2.81e-18,1.5577777777777776e-16,7.172037037037037e-18
59229.17,1.64e-16,7e-18,1.5460000000000001e-16,7.595185185185186e-18
59229.19,1.56e-16,9e-18,1.5361666666666667e-16,7.338333333333334e-18
59230.16,1.67e-16,1.89e-18,1.5273333333333337e-16,7.326481481481482e-18
59231.11,1.585e-16,1.9e-18,1.5183333333333334e-16,7.437222222222224e-18
59233.13,1.58e-16,1.02e-18,1.5086666666666665e-16,7.559814814814815e-18
59233.16,1.59e-16,5.37e-18,1.5019999999999998e-16,7.348333333333335e-18
59252.13,1.52e-16,1.8e-18,1.494e-16,7.24351851851852e-18
59256.13,1.52e-16,4.98e-18,1.4856666666666667e-16,7.149814814814814e-18
59385.43,1.36e-16,2.06e-18,1.474333333333333e-16,7.337777777777778e-18
59390.45,1.28e-16,1.02e-17,1.4676666666666667e-16,7.102962962962961e-18
59391.45,1.43e-16,1.03e-17,1.4640000000000002e-16,7.330370370370369e-18
59392.46,1.38e-16,1.11e-17,1.4456666666666668e-16,7.780740740740739e-18
59393.37,1.695e-16,1.665e-17,1.43e-16,7.77e-18
59394.38,1.53e-16,1.38e-17,1.418e-16,8.040740740740742e-18
59395.43,1.28e-16,1.11e-17,1.4118333333333333e-16,8.263703703703704e-18
59396.45,1.41e-16,7.11e-18,1.4051666666666666e-16,8.244444444444444e-18
59397.45,1.3750000000000002e-16,3.135e-18,1.3908333333333336e-16,8.111111111111109e-18
59400.4,1.27e-16,2.96e-18,1.3795000000000003e-16,8.148333333333335e-18
59400.41,1.33e-16,2.65e-18,1.3668333333333333e-16,7.814444444444446e-18
59401.41,1.35e-16,3.14e-18,1.356e-16,7.653888888888892e-18
59401.42,1.32e-16,3.34e-18,1.3476666666666667e-16,7.735555555555555e-18
59402.45,1.29e-16,3.64e-18,1.3393333333333331e-16,7.823888888888889e-18
59403.4,1.23e-16,3.49e-18,1.3305000000000001e-16,7.857777777777777e-18
59404.41,1.33e-16,1.79e-18,1.3191666666666668e-16,7.84611111111111e-18
59405.46,1.44e-16,1.34e-18,1.3148333333333332e-16,7.541111111111112e-18
59409.43,1.11e-16,3.71e-18,1.309833333333333e-16,7.157222222222224e-18
59411.41,1.21e-16,3.54e-18,1.3021666666666667e-16,7.075555555555557e-18
59414.42,1.19e-16,4.23e-18,1.2968333333333334e-16,6.946111111111114e-18
59417.44,1.37e-16,5.24e-18,1.2813333333333335e-16,6.203888888888891e-18
59422.46,1.31e-16,6.88e-18,1.268e-16,6.01277777777778e-18
59424.44,1.21e-16,5.89e-18,1.264e-16,5.6500000000000015e-18
59425.37,1.22e-16,8.11e-18,1.2550000000000002e-16,5.7694444444444455e-18
59425.43,1.29e-16,1.36e-17,1.2474999999999998e-16,5.8433333333333346e-18
59426.38,1.26e-16,4.015e-18,1.2414999999999998e-16,5.815e-18
59427.37,1.33e-16,1.86e-18,1.234166666666667e-16,5.958888888888889e-18
59428.31,1.34e-16,3.24e-18,1.2255000000000001e-16,6.2755555555555555e-18
59428.45,1.2550000000000002e-16,3.585e-18,1.2188333333333334e-16,6.403333333333333e-18
59429.32,1.18e-16,3.77e-18,1.2108333333333336e-16,6.684444444444445e-18
59429.45,1.23e-16,4.28e-18,1.2071666666666667e-16,6.547777777777778e-18
59430.41,1.13e-16,4.47e-18,1.2025e-16,6.532222222222224e-18
59430.43,1.2e-16,4.28e-18,1.1904999999999998e-16,6.4533333333333344e-18
59430.46,1.22e-16,4.43e-18,1.1931666666666666e-16,5.815555555555557e-18
59434.44,1.23e-16,4.67e-18,1.1876666666666668e-16,5.947222222222224e-18
59434.46,1.13e-16,4.62e-18,1.1846666666666666e-16,5.837777777777779e-18
59435.39,1.16e-16,3.75e-18,1.183e-16,6.045555555555557e-18
59435.44,1.14e-16,4.4850000000000004e-18,1.1806666666666666e-16,6.1333333333333346e-18
59436.43,1.15e-16,4.43e-18,1.188e-16,6.813333333333334e-18
59436.46,1.09e-16,4.6e-18,1.191e-16,7.15666666666667e-18
59438.39,1.11e-16,4.13e-18,1.19e-16,7.316111111111112e-18
59438.44,1.09e-16,4.42e-18,1.191e-16,7.653333333333334e-18
59439.42,1.12e-16,3.81e-18,1.186e-16,7.368333333333336e-18
59439.46,1.05e-16,4.09e-18,1.1836666666666666e-16,7.324444444444446e-18
59441.28,1.12e-16,2.88e-18,1.1795e-16,7.325555555555557e-18
59442.32,1.19e-16,2.94e-18,1.1838333333333334e-16,7.703333333333333e-18
59442.33,1.08e-16,3.89e-18,1.1815e-16,7.641111111111112e-18
59443.33,1.19e-16,2.03e-18,1.1815e-16,7.49888888888889e-18
59446.47,1.045e-16,4.6900000000000005e-18,1.1766666666666667e-16,7.808888888888888e-18
59448.32,1.1e-16,1.42e-17,1.174e-16,7.77111111111111e-18
59449.24,1.32e-16,2.04e-17,1.169e-16,7.892222222222222e-18
59449.26,1.24e-16,1.64e-17,1.1716666666666666e-16,7.87888888888889e-18
59450.46,1.43e-16,1.92e-17,1.172e-16,7.865555555555559e-18
59452.35,1.31e-16,7.77e-18,1.1719999999999999e-16,7.744444444444447e-18
59453.37,1.26e-16,3.73e-18,1.1696666666666666e-16,7.794444444444444e-18
59453.39,1.29e-16,4.33e-18,1.1703333333333333e-16,7.502222222222223e-18
59454.36,1.18e-16,1.52e-18,1.1696666666666668e-16,7.318888888888889e-18
59454.42,1.27e-16,2.02e-18,1.1686666666666666e-16,7.158888888888888e-18
59455.34,1.13e-16,3.48e-18,1.1665e-16,7.118888888888888e-18
59456.32,1.31e-16,2.55e-18,1.1658333333333334e-16,6.913333333333334e-18
59456.33,1.16e-16,2.88e-18,1.1641666666666668e-16,6.829444444444445e-18
59458.28,1.13e-16,4.27e-18,1.1598333333333334e-16,6.921888888888889e-18
59459.32,1.055e-16,4.685e-18,1.1575e-16,6.885444444444445e-18
59460.38,1.14e-16,4.44e-18,1.1555e-16,6.926333333333334e-18
59460.42,1.08e-16,4.5e-18,1.1586666666666667e-16,6.5483333333333335e-18
59461.24,1.21e-16,3.36e-18,1.1593333333333332e-16,6.304111111111113e-18
59461.42,1.17e-16,4.66e-18,1.151e-16,5.986555555555557e-18
59462.32,1.14e-16,4.24e-18,1.1443333333333334e-16,6.069000000000001e-18
59462.48,1.08e-16,4.42e-18,1.1329999999999999e-16,5.352555555555555e-18
59463.35,1.11e-16,4.3350000000000004e-18,1.1233333333333334e-16,5.262777777777778e-18
59463.43,1.09e-16,4.69e-18,1.1149999999999999e-16,5.376333333333333e-18
59465.32,1.06e-16,4.14e-18,1.113e-16,5.29611111111111e-18
59465.43,1.055e-16,4.435e-18,1.109e-16,5.5096666666666665e-18
59466.33,1.03e-16,4.43e-18,1.1020000000000001e-16,5.424333333333334e-18
59466.43,1.07e-16,4.53e-18,1.1043333333333334e-16,5.498555555555556e-18
59467.43,1.06e-16,4.33e-18,1.0939e-16,5.504333333333334e-18
59467.44,1.01e-16,4.42e-18,1.1005666666666667e-16,6.2152222222222225e-18
59468.43,1.13e-16,4.64e-18,1.1092333333333334e-16,6.941666666666667e-18
59469.42,1.14e-16,4.57e-18,1.1217333333333333e-16,7.55588888888889e-18
59470.38,1.12e-16,4.49e-18,1.1207333333333334e-16,7.593555555555557e-18
59470.4,1.07e-16,4.43e-18,1.1257333333333332e-16,7.656444444444446e-18
59471.29,1.04e-16,2.29e-18,1.1330666666666666e-16,8.493444444444445e-18
59472.41,1.0900000000000001e-16,4.45e-18,1.1330666666666666e-16,8.572666666666667e-18
59472.42,1.02e-16,4.45e-18,1.1310666666666668e-16,8.72011111111111e-18
59473.38,1.01e-16,4.58e-18,1.1344e-16,8.711555555555556e-18
59474.36,1.23e-16,1.26e-18,1.1344e-16,8.761222222222224e-18
59474.42,1.06e-16,4.415e-18,1.1344e-16,8.847555555555557e-18
59476.47,1.06e-16,7e-18,1.1357333333333334e-16,8.807222222222224e-18
59477.3,1.2e-16,9.3e-18,1.1412333333333334e-16,8.896444444444445e-18
59477.32,9.97e-17,9.15e-18,1.1429e-16,8.865e-18
59477.39,1.36e-16,9.34e-18,1.1425666666666666e-16,9.011333333333334e-18
59478.45,1.39e-16,1.5e-17,1.1422333333333333e-16,9.200555555555555e-18
59479.18,1.43e-16,2.35e-17,1.1432333333333333e-16,9.206444444444446e-18
59479.22,1.11e-16,1.51e-17,1.1368e-16,9.745e-18
59479.5,1.23e-16,1.49e-17,1.1324666666666667e-16,9.998111111111111e-18
59480.42,1.43e-16,1.43e-17,1.1282333333333335e-16,1.0356333333333333e-17
59483.26,1.17e-16,9.95e-18,1.1272333333333334e-16,1.0352333333333333e-17
59484.37,1.08e-16,2.63e-18,1.1285666666666667e-16,1.0042555555555554e-17
59484.42,1.18e-16,5.4e-18,1.1295666666666667e-16,1.0052888888888888e-17
59485.27,1.11e-16,1.89e-18,1.1382333333333334e-16,1.0387555555555556e-17
59485.28,1.09e-16,6.53e-18,1.1409e-16,1.0064444444444445e-17
59487.41,1.1e-16,2.4e-18,1.1409e-16,1.0314e-17
59487.44,1.22e-16,1.61e-18,1.1392333333333333e-16,1.0226666666666666e-17
59488.25,1.08e-16,3.42e-18,1.1425666666666666e-16,1.0322444444444443e-17
59488.26,1.06e-16,3.88e-18,1.1382333333333334e-16,1.0192555555555556e-17
59489.32,1.05e-16,3.07e-18,1.1406666666666667e-16,9.776666666666666e-18
59489.37,1.04e-16,4.06e-18,1.1323333333333334e-16,9.259000000000001e-18
59490.34,9.37e-17,4.52e-18,1.1193333333333333e-16,8.589333333333333e-18
59494.34,1.01e-16,3.18e-18,1.1041999999999999e-16,7.861999999999999e-18
59498.34,9.93e-17,4.33e-18,1.1011999999999999e-16,7.866e-18
59498.35,1.04e-16,4.19e-18,1.0945333333333333e-16,7.59211111111111e-18
59502.21,1.08e-16,6.05e-18,1.0801333333333333e-16,6.747111111111112e-18
59502.39,1.12e-16,2.26e-18,1.0738333333333333e-16,6.825444444444445e-18
59502.42,1.28e-16,5.02e-18,1.0685333333333333e-16,7.085555555555557e-18
59503.22,1.09e-16,7.36e-18,1.0625333333333334e-16,7.070000000000002e-18
59503.34,1.23e-16,7.48e-18,1.0595333333333334e-16,7.050666666666667e-18
59504.38,1.01e-16,6.55e-18,1.0582e-16,6.900666666666668e-18
59504.41,1.16e-16,9.96e-18,1.0555333333333332e-16,6.855777777777779e-18
59505.18,1.07e-16,1.05e-17,1.0502e-16,6.604000000000002e-18
59512.19,1.07e-16,1.57e-18,1.0488666666666668e-16,6.446888888888891e-18
59512.22,1.11e-16,1.71e-18,1.0478666666666667e-16,6.288666666666668e-18
59517.18,1e-16,4.46e-18,1.0468666666666667e-16,6.124555555555558e-18
59517.22,9.76e-17,4.47e-18,1.0445666666666666e-16,6.121555555555556e-18
59518.27,1.02e-16,4.66e-18,1.048e-16,5.60688888888889e-18
59520.3,1.03e-16,4.61e-18,1.0453666666666667e-16,5.81088888888889e-18
59520.36,9.98e-17,3.56e-18,1.0462666666666667e-16,5.6793333333333345e-18
59521.2,9.81e-17,4.53e-18,1.0472666666666668e-16,5.560000000000002e-18
59521.21,9.21e-17,4.32e-18,1.0476e-16,5.5822222222222236e-18
59521.31,1e-16,4.58e-18,1.0457666666666668e-16,5.565333333333335e-18
59522.23,1.02e-16,4.65e-18,1.0424333333333334e-16,5.062444444444445e-18
59522.36,1.05e-16,4.39e-18,1.0441e-16,5.010666666666668e-18
59523.19,1.02e-16,4.59e-18,1.0474333333333334e-16,5.058888888888889e-18
59523.2,1.06e-16,4.64e-18,1.0547666666666665e-16,5.168e-18
59523.31,1.04e-16,4.31e-18,1.0554333333333333e-16,4.90511111111111e-18
59524.15,1.03e-16,4.71e-18,1.0607666666666667e-16,5.090555555555555e-18
59524.31,1.02e-16,4.77e-18,1.0614333333333333e-16,5.230444444444445e-18
59525.19,9.71e-17,4.51e-18,1.0624333333333333e-16,5.080333333333333e-18
59525.21,1.04e-16,3.94e-18,1.0679333333333334e-16,4.9244444444444434e-18
59525.24,9.31e-17,4.54e-18,1.0864e-16,5.8778888888888885e-18
59526.19,1.02e-16,4.82e-18,1.0887333333333333e-16,6.070333333333332e-18
59526.32,1.07e-16,4.42e-18,1.0887333333333333e-16,6.542555555555556e-18
59527.16,1.09e-16,4.24e-18,1.0968e-16,6.549333333333333e-18
59527.21,1.065e-16,4.3e-18,1.1061e-16,6.559444444444443e-18
59529.26,1.18e-16,5.64e-19,1.1194e-16,6.573999999999999e-18
59529.32,1.14e-16,3.32e-18,1.1280666666666668e-16,6.6396666666666644e-18
59530.13,1.33e-16,6.88e-18,1.1450666666666666e-16,7.689777777777776e-18
59530.14,1.23e-16,5.2e-18,1.1490666666666668e-16,7.738555555555553e-18
59530.28,1.18e-16,3.11e-18,1.1544e-16,7.65222222222222e-18
59531.21,1.23e-16,5.07e-18,1.1545666666666666e-16,7.99522222222222e-18
59531.34,1.09e-16,3.2e-18,1.1531e-16,8.516444444444442e-18
59532.19,1.14e-16,4.47e-18,1.1570999999999999e-16,8.45211111111111e-18
59532.25,1.165e-16,5.74e-18,1.1651e-16,8.646888888888888e-18
59537.23,1.09e-16,1.63e-17,1.1757333333333333e-16,9.003999999999998e-18
59537.28,1.03e-16,1.87e-17,1.1870333333333334e-16,8.90722222222222e-18
59538.19,1.24e-16,6.83e-18,1.1897e-16,8.808444444444442e-18
59538.32,1.26e-16,2.49e-17,1.1907e-16,8.865555555555555e-18
59540.25,1.32e-16,7.77e-18,1.1890333333333332e-16,9.129555555555554e-18
59540.26,1.26e-16,8.09e-18,1.1945333333333335e-16,9.376666666666665e-18
59540.39,1.53e-16,1.53e-17,1.1925333333333332e-16,9.239444444444444e-18
59542.26,1.17e-16,1.46e-18,1.1905333333333333e-16,9.240444444444443e-18
59542.3,1.18e-16,7.5e-18,1.1815333333333333e-16,8.669555555555554e-18
59550.22,1.065e-16,4.07e-18,1.1731333333333333e-16,8.698333333333334e-18
59550.25,9.96e-17,4.27e-18,1.1678e-16,8.749666666666669e-18
59622.14,1.15e-16,1.11e-17,1.1614666666666667e-16,8.555555555555556e-18
59623.16,1.26e-16,1.51e-17,1.1601333333333334e-16,8.365111111111112e-18
59624.14,1.28e-16,1.2e-17,1.1568000000000001e-16,8.344666666666668e-18
59722.46,1.05e-16,1e-17,1.1533e-16,8.408555555555555e-18
59722.47,1.27e-16,1.00275e-17,1.1436333333333332e-16,7.930555555555556e-18
59763.46,1.1e-16,3.81e-18,1.1391e-16,7.889666666666667e-18
59766.43,1.1e-16,3.65e-18,1.1358666666666666e-16,7.650333333333335e-18
59769.43,1.04e-16,4.13e-18,1.126e-16,7.710444444444445e-18
59769.46,1.23e-16,4.19e-18,1.1147666666666666e-16,7.767222222222223e-18
59781.41,1.12e-16,8.33e-18,1.1005666666666667e-16,7.717333333333333e-18
59781.44,1.08e-16,1.03e-17,1.0922333333333334e-16,7.511333333333335e-18
59783.43,1.06e-16,4.2e-18,1.0736666666666667e-16,6.481111111111112e-18
59787.39,9.78e-17,4.41e-18,1.0675666666666667e-16,6.437444444444447e-18
59789.39,1.02e-16,8.18e-19,1.0610000000000001e-16,6.457222222222223e-18
59793.45,1.04e-16,4.3e-18,1.0572000000000001e-16,6.2285555555555565e-18
59798.41,1.05e-16,4.31e-18,1.0559666666666667e-16,5.7496666666666676e-18
59803.46,1.04e-16,9.55e-18,1.0509666666666667e-16,5.766444444444445e-18
59808.32,1.06e-16,6.28e-18,1.0407333333333333e-16,5.517555555555556e-18
59810.37,1.24e-16,4.92e-18,1.0288e-16,5.309777777777778e-18
59813.34,9.54e-17,3.56e-18,1.0274666666666666e-16,5.064111111111113e-18
59815.42,9.33e-17,4.28e-18,1.0182333333333333e-16,4.697111111111113e-18
59817.42,9.44e-17,4.39e-18,1.0123333333333333e-16,4.7443333333333345e-18
59822.45,9.23e-17,4.01e-18,1.0093333333333333e-16,4.727555555555556e-18
59824.4,8.94e-17,4.07e-18,1.01e-16,4.691888888888889e-18
59826.37,1.01e-16,1.08e-17,1.0063333333333333e-16,4.7577777777777784e-18
59828.47,9.73e-17,3.65e-18,1.0014e-16,4.7428888888888895e-18
59839.31,9.87e-17,3.47e-18,9.944333333333334e-17,5.0919999999999996e-18
59839.36,9.83e-17,3.26e-18,9.904666666666665e-17,5.206e-18
59841.28,9.51e-17,4.35e-18,9.905333333333334e-17,4.929222222222222e-18
59841.33,9.59e-17,4.43e-18,9.871333333333333e-17,5.010999999999999e-18
59848.38,1e-16,4.41e-18,9.835e-17,5.1154444444444434e-18
59850.39,9.53e-17,4.35e-18,9.782e-17,5.4007777777777764e-18
59852.36,9.22e-17,4.78e-18,9.828666666666667e-17,6.0145555555555544e-18
59856.26,1.01e-16,1.31e-18,9.803999999999999e-17,5.952333333333332e-18
59858.41,9.93e-17,7.22e-19,9.767333333333334e-17,5.703888888888889e-18
59860.34,9.23e-17,8.98e-18,9.762666666666666e-17,5.613222222222222e-18
59862.22,1.01e-16,1.54e-17,9.791666666666667e-17,5.457555555555556e-18
59864.39,1.06e-16,1.17e-17,9.847e-17,5.6485555555555565e-18
59866.27,1.12e-16,4.65e-18,9.85e-17,5.532333333333334e-18
59871.25,9.72e-17,2.87e-18,9.869666666666667e-17,5.220444444444445e-18
59873.22,8.71e-17,3.99e-18,9.879666666666666e-17,5.4695555555555546e-18
59876.3,9.41e-17,2.79e-18,9.888666666666667e-17,5.531444444444444e-18
59878.19,9.8e-17,3.78e-18,9.865333333333332e-17,5.613999999999998e-18
59880.24,9.18e-17,4.45e-18,9.835333333333332e-17,5.75411111111111e-18
59882.22,9.31e-17,3.75e-18,9.795333333333333e-17,5.962222222222222e-18
59885.26,8.91e-17,3.85e-18,9.825666666666667e-17,6.284e-18
59894.35,1.18e-16,1.47e-17,9.849e-17,6.740666666666667e-18
59896.22,9.86e-17,1.36e-18,9.854e-17,6.8481111111111115e-18
59899.24,1.13e-16,5.87e-18,9.933333333333333e-17,7.53177777777778e-18
59901.22,9.4e-17,3.14e-18,9.862666666666667e-17,7.73711111111111e-18
59905.22,1.02e-16,1.8e-17,9.814666666666667e-17,7.777666666666668e-18
59907.13,1.11e-16,1.38e-18,9.843666666666667e-17,8.072666666666667e-18
59909.2,9.32e-17,3.91e-18,9.834666666666666e-17,8.385666666666666e-18
59914.22,9.53e-17,3.04e-18,9.754333333333333e-17,8.223666666666667e-18
59923.22,1.04e-16,5.79e-18,9.616e-17,8.215777777777779e-18
59928.2,1e-16,1.02e-18,9.530333333333334e-17,8.563333333333333e-18
59932.13,9.17e-17,3.94e-18,9.492e-17,8.427222222222224e-18
59934.18,8.93e-17,3.81e-18,9.425000000000002e-17,8.542111111111112e-18
59936.17,8.31e-17,4.12e-18,9.329666666666667e-17,8.92988888888889e-18
59951.2,1.05e-16,1.48e-17,9.253333333333333e-17,9.120444444444446e-18
59970.16,1.07e-16,9.67e-18,9.165e-17,9.430111111111114e-18
59972.13,9.68e-17,6.31e-18,9.105666666666667e-17,9.411000000000002e-18
59978.13,1.16e-16,1.89e-17,8.940333333333333e-17,9.110666666666668e-18
59980.1,7.98e-17,9.6e-18,8.892000000000001e-17,9.295666666666667e-18
59982.1,8.49e-17,1.02e-17,8.774333333333332e-17,8.855222222222222e-18
59984.14,1.01e-16,9.53e-18,8.682333333333334e-17,9.071333333333334e-18
59991.14,9.83e-17,9.3e-18,8.582666666666667e-17,9.142222222222222e-18
60124.41,8.19e-17,1.37e-18,8.456999999999999e-17,8.864888888888888e-18
60126.42,7.05e-17,6.86e-18,8.376333333333333e-17,8.955111111111113e-18
60133.46,7.15e-17,2.54e-18,8.342333333333334e-17,9.160000000000002e-18
60138.43,7.56e-17,2.77e-18,8.321333333333334e-17,9.592111111111113e-18
60141.34,7.4e-17,2.31e-18,8.223333333333333e-17,9.650888888888893e-18
60144.44,6.94e-17,3.84e-18,8.168666666666666e-17,9.608222222222224e-18
60148.46,6.89e-17,4.2e-18,8.117000000000001e-17,9.561222222222225e-18
60150.42,6.66e-17,4.16e-18,8.074333333333333e-17,9.475000000000001e-18
60153.44,7.13e-17,4.35e-18,7.988333333333333e-17,9.071666666666666e-18
60157.47,6.84e-17,8.28e-18,7.89e-17,8.612777777777779e-18
