mjd,flux,fluxe,flux_rolling_mean,flux_rolling_rmsd
58353.35,1.45e-16,7.95e-19,1.5043333333333336e-16,3.745000000000001e-18
58354.32,1.47e-16,2.17e-18,1.4988333333333333e-16,3.762222222222223e-18
58355.33,1.48e-16,3.28e-18,1.4966666666666665e-16,3.752777777777778e-18
58355.47,1.58e-16,2.35e-18,1.4938333333333332e-16,3.836666666666666e-18
58356.33,1.55e-16,3.84e-18,1.4946666666666664e-16,3.5505555555555566e-18
58357.35,1.62e-16,3.86e-18,1.4891666666666664e-16,3.3544444444444456e-18
58358.42,1.43e-16,7.04e-18,1.488166666666667e-16,3.428333333333335e-18
58359.39,1.46e-16,4.02e-18,1.4866666666666666e-16,3.338888888888891e-18
58361.35,1.47e-16,2.49e-18,1.4853333333333332e-16,3.2494444444444477e-18
58362.38,1.5e-16,9.34e-19,1.4826666666666667e-16,3.257777777777782e-18
58363.44,1.44e-16,1.11e-18,1.479e-16,3.1650000000000047e-18
58364.33,1.43e-16,1.59e-18,1.478e-16,3.1966666666666712e-18
58364.34,1.48e-16,2.92e-19,1.477e-16,3.1650000000000047e-18
58365.37,1.47e-16,1.77e-18,1.476666666666667e-16,3.0422222222222275e-18
58366.39,1.4950000000000001e-16,1.6400000000000001e-18,1.4763333333333334e-16,2.941666666666672e-18
58367.35,1.425e-16,1.775e-18,1.4746666666666663e-16,2.983333333333339e-18
58367.37,1.53e-16,1.45e-18,1.475e-16,2.8361111111111146e-18
58368.33,1.445e-16,1.4749999999999999e-18,1.4723333333333333e-16,3.0233333333333373e-18
58369.39,1.465e-16,1.655e-18,1.4703333333333334e-16,3.1355555555555607e-18
58370.31,1.445e-16,1.5e-18,1.466e-16,2.9300000000000044e-18
58370.41,1.49e-16,1.28e-18,1.459e-16,3.2011111111111142e-18
58371.33,1.455e-16,1.605e-18,1.4573333333333333e-16,3.066666666666669e-18
58372.34,1.45e-16,1.63e-18,1.4553333333333334e-16,3.243333333333334e-18
58373.33,1.45e-16,3.69e-19,1.459e-16,3.442222222222224e-18
58374.35,1.45e-16,2.01e-18,1.4596666666666668e-16,3.4055555555555573e-18
58376.36,1.48e-16,1.43e-18,1.459e-16,3.3811111111111133e-18
58378.29,1.47e-16,1.69e-18,1.462e-16,3.3738888888888916e-18
58379.28,1.45e-16,1.36e-18,1.466e-16,3.3933333333333365e-18
58379.4,1.46e-16,1.46e-18,1.4693333333333333e-16,3.66166666666667e-18
58380.28,1.45e-16,1.46e-18,1.47e-16,3.6733333333333346e-18
58382.35,1.46e-16,1.07e-18,1.4701666666666665e-16,3.61277777777778e-18
58383.35,1.39e-16,1.84e-18,1.475e-16,3.674444444444447e-18
58385.28,1.42e-16,4.18e-18,1.4703333333333334e-16,3.8705555555555595e-18
58388.28,1.45e-16,4.29e-18,1.4744999999999999e-16,3.980000000000004e-18
58389.33,1.34e-16,2.74e-18,1.4766666666666667e-16,4.013888888888891e-18
58424.26,1.57e-16,3.55e-18,1.4795000000000002e-16,3.982222222222225e-18
58425.23,1.37e-16,4.49e-18,1.4811666666666665e-16,3.922777777777779e-18
58425.25,1.57e-16,8.11e-18,1.4836666666666666e-16,3.933333333333334e-18
58427.24,1.49e-16,8.34e-18,1.485666666666667e-16,4.000555555555556e-18
58428.25,1.48e-16,5.55e-19,1.49e-16,4.116666666666667e-18
58428.27,1.53e-16,1.37e-18,1.4931666666666665e-16,4.103888888888888e-18
58429.33,1.55e-16,1.57e-18,1.4961666666666665e-16,4.126666666666666e-18
58431.18,1.58e-16,3.78e-18,1.4965e-16,4.318333333333334e-18
58432.32,1.49e-16,2.75e-18,1.5001666666666665e-16,4.3188888888888885e-18
58434.2,1.5e-16,2.3e-18,1.5005000000000002e-16,4.5049999999999995e-18
58435.28,1.57e-16,4.1e-18,1.5018333333333336e-16,4.592222222222221e-18
58436.3,1.39e-16,8.33e-18,1.5038333333333334e-16,4.608888888888889e-18
58437.28,1.57e-16,2.4e-18,1.5098333333333334e-16,4.4372222222222216e-18
58439.32,1.53e-16,3.46e-18,1.5145000000000003e-16,4.338888888888887e-18
58441.28,1.53e-16,6.67e-18,1.5185e-16,4.4657777777777764e-18
58443.13,1.54e-16,4.9e-18,1.5268333333333335e-16,4.285444444444444e-18
58447.33,1.53e-16,6.71e-18,1.5245000000000002e-16,4.0041111111111095e-18
58456.19,1.51e-16,1.5549999999999998e-18,1.5355e-16,4.2865555555555556e-18
58456.2,1.58e-16,8.79e-19,1.5361666666666667e-16,4.293999999999999e-18
58457.2,1.545e-16,2.325e-18,1.5391666666666667e-16,4.5525555555555555e-18
58464.27,1.57e-16,2.83e-18,1.5421666666666667e-16,4.766666666666666e-18
58468.26,1.48e-16,2.58e-18,1.5455000000000002e-16,5.102999999999999e-18
58471.16,1.56e-16,9.33e-18,1.5438333333333333e-16,4.9621111111111086e-18
58471.18,1.47e-16,1.16e-17,1.5351666666666665e-16,5.238555555555554e-18
58474.13,1.49e-16,3.33e-18,1.5361666666666667e-16,5.323777777777777e-18
58482.19,1.52e-16,4.12e-18,1.5351666666666668e-16,5.366333333333332e-18
58486.11,1.57e-16,1.98e-18,1.5365000000000002e-16,5.560444444444444e-18
58490.13,1.56e-16,2.9e-18,1.539166666666667e-16,5.21411111111111e-18
58493.12,1.57e-16,1.56e-18,1.5074333333333333e-16,7.876666666666666e-18
58627.47,1.5900000000000002e-16,4.033333333333333e-18,1.5074333333333333e-16,8.014111111111111e-18
58627.48,1.5e-16,4.4e-18,1.5060999999999997e-16,8.039333333333334e-18
58652.45,1.7e-16,6.71e-18,1.5041e-16,8.03788888888889e-18
58655.45,1.59e-16,6.16e-18,1.5014333333333333e-16,8.074888888888888e-18
58658.41,1.58e-16,3.32e-18,1.4981e-16,8.148000000000002e-18
58661.44,1.57e-16,1.81e-18,1.4957666666666668e-16,8.189333333333335e-18
58665.45,1.63e-16,7.15e-19,1.4922666666666669e-16,8.202444444444446e-18
58668.37,1.5e-16,1.83e-18,1.4884333333333334e-16,8.142111111111112e-18
58671.42,1.32e-16,2.31e-17,1.4864333333333336e-16,7.986888888888889e-18
58674.48,1.52e-16,8.87e-19,1.4842666666666668e-16,8.125444444444444e-18
58677.49,1.47e-16,1.07e-18,1.4832666666666666e-16,7.909555555555556e-18
58680.42,1.61e-16,3.33e-18,1.4835999999999998e-16,7.960333333333333e-18
58683.44,1.47e-16,2.64e-18,1.4799333333333334e-16,8.000666666666666e-18
58690.44,1.53e-16,6.71e-19,1.4732666666666667e-16,8.006666666666666e-18
58693.47,1.49e-16,1.56e-18,1.4709333333333331e-16,7.916444444444446e-18
58695.49,1.48e-16,1.7650000000000002e-18,1.4672666666666667e-16,7.704555555555553e-18
58696.48,1.45e-16,1.56e-18,1.4665999999999998e-16,7.749777777777777e-18
58699.39,1.41e-16,9.53e-19,1.4574333333333333e-16,7.213444444444444e-18
58703.43,1.51e-16,1.41e-18,1.4537666666666666e-16,6.985999999999998e-18
58706.4,1.44e-16,1.3e-18,1.4497666666666667e-16,6.725222222222219e-18
58710.38,1.455e-16,3.845e-18,1.4452666666666665e-16,6.5644444444444416e-18
58712.4,1.42e-16,4.12e-18,1.438933333333333e-16,6.177555555555553e-18
58713.41,1.4950000000000001e-16,5.01e-18,1.4372666666666667e-16,6.179555555555554e-18
58715.38,1.44e-16,3.57e-18,1.4396e-16,5.8742222222222194e-18
58716.5,1.5e-16,3.585e-18,1.4386e-16,5.840666666666664e-18
58717.5,1.41e-16,3.14e-18,1.4372666666666665e-16,5.9131111111111076e-18
58717.51,1.48e-16,3.3e-18,1.4367666666666665e-16,5.929555555555551e-18
58718.48,1.45e-16,1.59e-18,1.4371e-16,5.941999999999996e-18
58719.43,1.5e-16,9.36e-19,1.4645e-16,3.157777777777773e-18
58721.45,1.48e-16,2.91e-18,1.4610000000000002e-16,3.1042222222222184e-18
58724.4,1.48e-16,6.38e-19,1.4603333333333333e-16,3.043999999999995e-18
58726.38,1.425e-16,1.815e-18,1.46e-16,3.0093333333333295e-18
58730.4,1.48e-16,1.38e-18,1.4596666666666666e-16,3.056222222222219e-18
58733.39,1.46e-16,1.29e-18,1.4636666666666665e-16,3.087555555555552e-18
58735.33,1.4350000000000001e-16,1.9150000000000002e-18,1.461e-16,3.0617777777777733e-18
58736.43,1.44e-16,1.06e-18,1.4616666666666667e-16,3.0881111111111064e-18
58738.38,1.45e-16,3.5e-18,1.4621666666666666e-16,3.1062222222222173e-18
58743.37,1.39e-16,6.73e-18,1.4648333333333334e-16,3.085888888888884e-18
58745.36,1.49e-16,2.815e-18,1.4643333333333334e-16,2.918444444444439e-18
58748.31,1.43e-16,2.17e-18,1.465e-16,3.0298888888888837e-18
58749.3,1.48e-16,6.56e-19,1.4663333333333333e-16,2.8532222222222175e-18
58750.33,1.44e-16,9.7e-19,1.4636666666666665e-16,3.004111111111106e-18
58751.29,1.425e-16,1.03e-18,1.4656666666666668e-16,3.038333333333328e-18
58757.32,1.47e-16,5.42e-19,1.469e-16,3.2927777777777727e-18
58757.33,1.47e-16,8.2e-19,1.4723333333333335e-16,3.534999999999996e-18
58758.31,1.44e-16,1.075e-18,1.4706666666666667e-16,3.6583333333333304e-18
58759.29,1.53e-16,6.93e-19,1.4731666666666667e-16,3.5805555555555526e-18
58759.31,1.43e-16,1.5499999999999998e-18,1.4784999999999998e-16,4.022777777777775e-18
58760.3,1.46e-16,8.685e-19,1.4776666666666666e-16,4.180555555555553e-18
58761.36,1.47e-16,2.14e-18,1.4851666666666667e-16,4.670555555555555e-18
58761.37,1.5e-16,2.04e-18,1.4871666666666668e-16,4.652777777777778e-18
58763.3,1.48e-16,4.77e-19,1.4874999999999998e-16,4.688888888888889e-18
58763.36,1.46e-16,4.68e-19,1.4938333333333335e-16,4.772777777777778e-18
58764.13,1.46e-16,3.53e-18,1.4929999999999998e-16,4.7350000000000006e-18
58765.13,1.49e-16,3.64e-18,1.4926666666666668e-16,4.816111111111112e-18
58765.2,1.4e-16,3.0049999999999998e-18,1.4885e-16,4.41388888888889e-18
58766.13,1.51e-16,7.33e-18,1.4868333333333333e-16,4.5327777777777784e-18
58767.13,1.6e-16,1.24e-17,1.4881666666666667e-16,4.466111111111112e-18
58768.13,1.58e-16,8.6e-18,1.4883333333333332e-16,4.510555555555555e-18
58769.13,1.43e-16,1.18e-17,1.4866666666666668e-16,4.718333333333333e-18
58770.13,1.5e-16,1.32e-17,1.4883333333333332e-16,4.852777777777778e-18
58771.13,1.64e-16,1.24e-17,1.487e-16,5.012777777777778e-18
58771.31,1.4350000000000001e-16,8.115e-18,1.4860000000000001e-16,4.8977777777777784e-18
58772.13,1.66e-16,8.05e-18,1.4869999999999998e-16,4.768333333333335e-18
58772.39,1.5000000000000002e-16,1.025e-17,1.4836666666666666e-16,5.071111111111114e-18
58773.13,1.46e-16,3.45e-18,1.4830000000000001e-16,5.051111111111115e-18
58774.13,1.58e-16,4.14e-18,1.48e-16,5.1733333333333374e-18
58774.22,1.465e-16,2.96e-18,1.4793333333333332e-16,5.190000000000005e-18
58775.13,1.42e-16,2.17e-18,1.4793333333333332e-16,5.130000000000006e-18
58776.13,1.47e-16,1.67e-18,1.4806666666666666e-16,5.21333333333334e-18
58777.13,1.43e-16,2.91e-18,1.4793333333333332e-16,5.214444444444451e-18
58778.13,1.48e-16,1.77e-18,1.4836666666666666e-16,5.18833333333334e-18
58779.13,1.43e-16,3.04e-18,1.4839999999999998e-16,5.341111111111118e-18
58781.13,1.42e-16,5.19e-18,1.4833333333333334e-16,5.409444444444451e-18
58782.13,1.52e-16,2.03e-18,1.477333333333333e-16,5.276111111111118e-18
58783.13,1.4e-16,1.65e-18,1.4786666666666667e-16,5.151666666666673e-18
58785.13,1.5e-16,1.78e-18,1.4776666666666666e-16,5.192777777777783e-18
58786.14,1.46e-16,1.86e-18,1.4696666666666668e-16,4.839444444444449e-18
58787.13,1.36e-16,4.3e-18,1.4685e-16,4.816111111111116e-18
58788.13,1.45e-16,2.5e-18,1.4591666666666669e-16,4.447222222222227e-18
58789.13,1.41e-16,2.98e-18,1.4594999999999999e-16,4.6105555555555594e-18
58790.16,1.46e-16,3.3e-18,1.4474999999999999e-16,5.683888888888891e-18
58792.18,1.46e-16,2.19e-18,1.4441666666666664e-16,5.463888888888891e-18
58793.11,1.5e-16,4.34e-18,1.4419999999999998e-16,5.5672222222222225e-18
58796.11,1.45e-16,6.31e-18,1.453e-16,6.3927777777777786e-18
58800.29,1.53e-16,5.12e-18,1.4493333333333334e-16,6.6294444444444455e-18
58800.32,1.52e-16,5.87e-18,1.451e-16,6.588333333333336e-18
58801.29,1.58e-16,7.08e-18,1.4476666666666666e-16,6.7638888888888905e-18
58803.25,1.4e-16,7.98e-18,1.4516666666666668e-16,6.979444444444448e-18
58803.31,1.47e-16,3.06e-18,1.4506666666666666e-16,6.88166666666667e-18
58806.23,1.47e-16,1.96e-18,1.4460000000000002e-16,6.8950000000000014e-18
58811.13,1.4e-16,2.02e-18,1.447e-16,6.648333333333335e-18
58811.17,1.4e-16,2.79e-18,1.4440000000000001e-16,6.611666666666669e-18
58812.24,1.38e-16,4.06e-19,1.4423333333333335e-16,6.6088888888888894e-18
58814.15,1.51e-16,3.35e-18,1.4446666666666666e-16,6.303333333333335e-18
58828.21,1.48e-16,9.63e-18,1.446e-16,6.389259259259259e-18
58831.1,1.4e-16,3.03e-18,1.445333333333333e-16,6.432777777777777e-18
58846.11,1.36e-16,8.94e-20,1.4416666666666666e-16,6.43222222222222e-18
58850.11,1.48e-16,1.02e-17,1.443e-16,6.7274074074074046e-18
58853.14,1.38e-16,1.07e-17,1.4363333333333333e-16,6.679999999999999e-18
58854.15,1.55e-16,9.67e-18,1.4313333333333332e-16,6.533703703703701e-18
58856.13,1.39e-16,3.04e-18,1.424e-16,6.20185185185185e-18
58856.17,1.38e-16,3.84e-18,1.4266666666666666e-16,6.335925925925924e-18
58859.17,1.43e-16,4.78e-18,1.4253333333333335e-16,6.424444444444443e-18
58867.1,1.41e-16,5.48e-18,1.4213333333333333e-16,6.452592592592591e-18
58871.1,1.41e-16,1.5e-18,1.4188333333333332e-16,6.4774074074074074e-18
58874.11,1.43e-16,1.1e-18,1.4131666666666665e-16,6.8133333333333325e-18
58877.12,1.46e-16,2.4e-18,1.4109444444444444e-16,6.799259259259259e-18
58880.15,1.44e-16,4.02e-18,1.4046111111111112e-16,6.737407407407405e-18
58884.13,1.44e-16,8.04e-18,1.4144444444444446e-16,5.7048148148148134e-18
58887.12,1.39e-16,4.47e-18,1.409111111111111e-16,5.699629629629629e-18
58891.1,1.46e-16,6.96e-18,1.4054444444444446e-16,5.7350000000000015e-18
58895.12,1.49e-16,2.79e-18,1.3984444444444445e-16,5.3807407407407404e-18
58904.11,1.33e-16,6.03e-18,1.3964444444444444e-16,5.211111111111112e-18
58904.12,1.37e-16,4.255e-18,1.395111111111111e-16,5.485740740740741e-18
58904.13,1.36e-16,4.92e-18,1.392777777777778e-16,5.320000000000001e-18
58906.11,1.48e-16,1.16e-17,1.388111111111111e-16,5.2557407407407415e-18
58906.12,1.43e-16,8.09e-18,1.384111111111111e-16,5.262222222222222e-18
58906.13,1.35e-16,9.85e-18,1.3824444444444443e-16,5.220185185185185e-18
58987.47,1.3249999999999998e-16,4.325e-18,1.3794444444444445e-16,5.378148148148149e-18
58991.46,1.23e-16,2.65e-18,1.3747777777777777e-16,5.386851851851851e-18
58991.47,1.3133333333333333e-16,2.4900000000000002e-18,1.3714444444444445e-16,5.453703703703705e-18
58993.46,1.32e-16,4.55e-18,1.3667777777777776e-16,5.43611111111111e-18
58993.47,1.395e-16,5.49e-18,1.359777777777778e-16,5.353703703703701e-18
58993.48,1.32e-16,5.69e-18,1.3524444444444445e-16,5.401296296296295e-18
59020.47,1.29e-16,8.78e-19,1.3459444444444446e-16,5.375555555555554e-18
59024.47,1.54e-16,2.26e-18,1.339277777777778e-16,5.5401851851851834e-18
59033.36,1.3e-16,5.6e-18,1.3307777777777779e-16,5.523333333333332e-18
59035.36,1.44e-16,8.73e-18,1.3206111111111112e-16,5.41148148148148e-18
59036.38,1.31e-16,4.37e-18,1.3166111111111113e-16,5.293333333333333e-18
59037.45,1.41e-16,4.37e-18,1.310611111111111e-16,5.344074074074074e-18
59038.38,1.27e-16,4.89e-18,1.3059444444444444e-16,5.277037037037036e-18
59039.45,1.33e-16,3.22e-18,1.2959444444444445e-16,5.12962962962963e-18
59040.39,1.34e-16,2.89e-18,1.2879444444444444e-16,5.1055555555555556e-18
59042.47,1.27e-16,2.16e-18,1.2839444444444443e-16,5.007407407407408e-18
59043.46,1.31e-16,5.99e-19,1.2811111111111112e-16,4.8681481481481466e-18
59045.36,1.29e-16,9.7e-19,1.2784444444444445e-16,4.641111111111111e-18
59046.45,1.25e-16,1.3e-18,1.2743333333333333e-16,4.561851851851851e-18
59047.42,1.22e-16,1.62e-18,1.2696666666666667e-16,4.552592592592593e-18
59048.43,1.245e-16,1.5399999999999999e-18,1.2628333333333333e-16,4.54851851851852e-18
59049.43,1.19e-16,1.38e-18,1.2585e-16,4.563703703703704e-18
59050.48,1.2049999999999999e-16,1.5600000000000002e-18,1.2545e-16,4.567777777777777e-18
59051.43,1.185e-16,1.58e-18,1.2430000000000002e-16,4.007037037037037e-18
59052.42,1.21e-16,1.6e-18,1.241e-16,3.942222222222221e-18
59053.46,1.19e-16,1.83e-18,1.2303333333333335e-16,3.91037037037037e-18
59054.39,1.22e-16,1.45e-18,1.2326666666666665e-16,4.372222222222222e-18
59054.43,1.18e-16,1.55e-18,1.2276666666666667e-16,4.127037037037037e-18
59054.44,1.19e-16,1.65e-18,1.228666666666667e-16,4.237777777777778e-18
59055.44,1.23e-16,1.57e-18,1.2269999999999998e-16,4.2859259259259264e-18
59055.5,1.24e-16,1.67e-18,1.2273333333333335e-16,4.507407407407407e-18
59056.46,1.15e-16,1.64e-18,1.2266666666666668e-16,4.5325925925925925e-18
59056.48,1.19e-16,1.66e-18,1.2243333333333332e-16,4.483518518518518e-18
59057.44,1.18e-16,1.65e-18,1.224e-16,4.624444444444444e-18
59057.45,1.19e-16,1.52e-18,1.2240000000000003e-16,4.628333333333335e-18
59059.46,1.19e-16,1.63e-18,1.2270000000000003e-16,4.747777777777781e-18
59060.43,1.17e-16,1.76e-18,1.2271666666666665e-16,4.77555555555556e-18
59060.44,1.1950000000000002e-16,1.65e-18,1.2275e-16,4.622222222222227e-18
59061.35,1.24e-16,2.13e-18,1.2286666666666666e-16,4.516666666666671e-18
59061.44,1.12e-16,1.45e-18,1.2298333333333333e-16,4.327222222222226e-18
59063.35,1.38e-16,3.48e-18,1.234833333333333e-16,4.695000000000003e-18
59063.41,1.26e-16,3.175e-18,1.2341666666666667e-16,4.7261111111111146e-18
59064.37,1.3e-16,5.17e-18,1.2308333333333332e-16,4.998333333333337e-18
59064.42,1.28e-16,3.61e-18,1.2315000000000001e-16,4.8805555555555595e-18
59065.39,1.35e-16,5.46e-18,1.2315000000000001e-16,4.8111111111111145e-18
59065.46,1.25e-16,5.21e-18,1.2285000000000001e-16,5.013888888888892e-18
59067.44,1.24e-16,2.78e-18,1.2258333333333334e-16,5.0922222222222254e-18
59068.38,1.28e-16,2.82e-18,1.2261666666666666e-16,4.9461111111111134e-18
59069.42,1.25e-16,2.3e-18,1.2244999999999997e-16,4.993333333333336e-18
59069.43,1.31e-16,2.13e-18,1.2244999999999997e-16,4.8644444444444476e-18
59071.39,1.25e-16,1.61e-18,1.2238333333333333e-16,4.7866666666666705e-18
59072.48,1.2e-16,7.28e-19,1.2225000000000001e-16,4.754444444444448e-18
59073.46,1.24e-16,9.31e-19,1.2221666666666667e-16,4.608333333333337e-18
59073.48,1.22e-16,9.38e-19,1.2211666666666668e-16,4.528888888888893e-18
59074.39,1.36e-16,1.0454999999999999e-17,1.2186666666666667e-16,4.527777777777782e-18
59075.46,1.17e-16,1.125e-18,1.219666666666667e-16,4.248333333333337e-18
59076.36,1.12e-16,1.38e-18,1.2143333333333333e-16,3.913333333333337e-18
59076.39,1.2e-16,1.41e-18,1.2123333333333335e-16,3.9027777777777826e-18
59077.46,1.19e-16,1.655e-18,1.2078333333333334e-16,3.724444444444448e-18
59077.47,1.14e-16,1.47e-18,1.2038333333333335e-16,3.636111111111114e-18
59079.4,1.16e-16,1.7e-18,1.1961666666666666e-16,3.4522222222222265e-18
59079.42,1.16e-16,1.43e-18,1.1928333333333334e-16,3.498333333333338e-18
59080.34,1.14e-16,8.58e-19,1.1885e-16,3.7055555555555615e-18
59080.36,1.18e-16,1.22e-18,1.1853333333333335e-16,3.541666666666671e-18
59080.37,1.17e-16,1.53e-18,1.180666666666667e-16,3.721111111111115e-18
59081.4,1.15e-16,1.36e-18,1.1773333333333334e-16,3.514444444444446e-18
59081.42,1.16e-16,1.51e-18,1.1733333333333333e-16,3.6111111111111124e-18
59082.47,1.1650000000000002e-16,1.38e-18,1.1736666666666667e-16,3.6266666666666674e-18
59084.49,1.165e-16,1.41e-18,1.176e-16,3.996666666666668e-18
59085.46,1.15e-16,1.53e-18,1.176e-16,4.121666666666668e-18
59085.47,1.22e-16,1.63e-18,1.1753333333333333e-16,4.182222222222225e-18
59086.34,1.2e-16,1.22e-18,1.1773333333333332e-16,4.179444444444447e-18
59086.4,1.1650000000000002e-16,1.5650000000000001e-18,1.1806666666666666e-16,4.0011111111111134e-18
59087.36,1.16e-16,1.44e-18,1.182e-16,4.172777777777779e-18
59087.38,1.12e-16,1.35e-18,1.1833333333333334e-16,4.290000000000002e-18
59088.39,1.15e-16,7.02e-19,1.1853333333333335e-16,4.152777777777779e-18
59088.4,1.11e-16,1.46e-18,1.1863333333333334e-16,4.06888888888889e-18
59089.44,1.185e-16,1.285e-18,1.1896666666666666e-16,4.2316666666666684e-18
59089.46,1.11e-16,1.16e-18,1.1893333333333334e-16,4.240000000000001e-18
59090.49,1.21e-16,8.27e-19,1.1865000000000001e-16,4.509444444444445e-18
59091.46,1.13e-16,1.72e-18,1.1851666666666668e-16,4.6477777777777774e-18
59093.37,1.21e-16,4.34e-18,1.1828333333333335e-16,4.892777777777777e-18
59094.36,1.31e-16,8.39e-18,1.1811666666666666e-16,5.084444444444445e-18
59094.4,1.22e-16,7.91e-18,1.1813333333333333e-16,5.079444444444445e-18
59095.38,1.34e-16,5.76e-18,1.1805e-16,5.1499999999999996e-18
59095.4,1.23e-16,5.56e-18,1.1811666666666666e-16,5.0650000000000004e-18
59096.34,1.22e-16,4.07e-18,1.1791666666666668e-16,4.930555555555555e-18
59097.46,1.24e-16,5.39e-18,1.1761666666666668e-16,5.033888888888889e-18
59098.38,1.23e-16,4.49e-18,1.177e-16,5.071666666666667e-18
59099.31,1.2e-16,3.68e-18,1.1773333333333334e-16,5.024444444444445e-18
59099.35,1.19e-16,3.7e-18,1.1790000000000003e-16,4.842777777777779e-18
59102.43,1.26e-16,1.18e-17,1.1783333333333333e-16,4.8255555555555556e-18
59104.41,1.13e-16,4.2e-18,1.181e-16,4.6738888888888885e-18
59106.37,1.095e-16,1.465e-18,1.1811666666666666e-16,4.777777777777778e-18
59107.31,1.13e-16,1.57e-18,1.1821666666666668e-16,4.5661111111111116e-18
59108.38,1.08e-16,9.51e-19,1.1808333333333334e-16,4.520000000000001e-18
59108.39,1.11e-16,2.67e-19,1.1808333333333334e-16,4.438333333333335e-18
59109.41,1.17e-16,1.36e-18,1.1771666666666667e-16,4.564444444444447e-18
59109.42,1.14e-16,1.1975e-18,1.1721666666666666e-16,4.1583333333333355e-18
59110.36,1.17e-16,6.95e-19,1.1705000000000002e-16,4.038888888888889e-18
59110.37,1.16e-16,8.06e-19,1.1643333333333335e-16,3.550555555555556e-18
59111.4,1.11e-16,6.39e-19,1.1636666666666668e-16,3.5322222222222214e-18
59112.34,1.19e-16,1.69e-18,1.163e-16,3.506666666666666e-18
59112.4,1.17e-16,1.51e-18,1.1621666666666667e-16,3.4577777777777776e-18
59113.28,1.17e-16,1.19e-18,1.1611666666666665e-16,3.3977777777777775e-18
59113.32,1.13e-16,7.28e-19,1.1601666666666666e-16,3.3411111111111104e-18
59114.31,1.19e-16,1.22e-18,1.1591666666666667e-16,3.3111111111111106e-18
59115.31,1.19e-16,1.41e-18,1.1541666666666666e-16,3.2066666666666658e-18
59115.32,1.14e-16,1.1269999999999999e-18,1.1558333333333335e-16,3.106666666666665e-18
59116.34,1.17e-16,1.4e-18,1.1603333333333333e-16,3.0594444444444433e-18
59116.36,1.13e-16,1.52e-18,1.1606666666666668e-16,2.9349999999999986e-18
59117.35,1.1e-16,1.74e-18,1.165e-16,2.7861111111111095e-18
59117.37,1.16e-16,1.56e-18,1.167e-16,2.6116666666666647e-18
59118.26,1.17e-16,5.74e-19,1.1671666666666668e-16,2.6538888888888862e-18
59118.34,1.155e-16,5.69e-19,1.168e-16,2.5672222222222204e-18
59119.38,1.21e-16,2.25e-18,1.1666666666666668e-16,2.6605555555555524e-18
59121.45,1.2e-16,3.61e-18,1.1668333333333333e-16,2.6672222222222195e-18
59123.33,1.215e-16,7.67e-18,1.1658333333333334e-16,2.7461111111111078e-18
59124.34,1.2e-16,6.16e-18,1.165e-16,2.6838888888888864e-18
59125.3,1.17e-16,5.515e-18,1.1643333333333335e-16,2.6733333333333314e-18
59126.3,1.16e-16,5.16e-18,1.162e-16,2.825555555555553e-18
59126.36,1.11e-16,4.67e-18,1.1603333333333333e-16,2.9711111111111093e-18
59127.39,1.18e-16,5.35e-18,1.1590000000000002e-16,2.878888888888887e-18
59128.26,1.23e-16,3.8e-18,1.158e-16,2.7811111111111088e-18
59129.23,1.14e-16,1.15e-18,1.1548333333333333e-16,3.079999999999998e-18
59129.24,1.21e-16,1.62e-18,1.1538333333333334e-16,3.071666666666664e-18
59130.26,1.17e-16,4.42e-19,1.1515e-16,3.2544444444444423e-18
59131.24,1.1749999999999999e-16,7.455e-19,1.1551666666666668e-16,3.263888888888887e-18
59134.3,1.1650000000000002e-16,6.1e-19,1.1588333333333335e-16,3.677777777777776e-18
59135.25,1.13e-16,1.29e-18,1.1585e-16,3.747777777777777e-18
59136.3,1.1650000000000002e-16,1.31e-18,1.1586666666666667e-16,3.788888888888888e-18
59137.34,1.08e-16,5.69e-19,1.1573333333333333e-16,3.762777777777778e-18
59138.28,1.1650000000000002e-16,7.84e-19,1.1566666666666666e-16,3.81111111111111e-18
59139.25,1.15e-16,1.1e-18,1.1546666666666668e-16,3.720555555555555e-18
59140.24,1.1e-16,1.48e-18,1.1545e-16,3.8255555555555555e-18
59140.25,1.08e-16,1.43e-18,1.1538333333333334e-16,3.879444444444443e-18
59141.18,1.15e-16,9.02e-19,1.1531666666666667e-16,3.906666666666667e-18
59143.22,1.16e-16,1.52e-18,1.1535000000000002e-16,3.795e-18
59144.21,1.045e-16,1.37e-18,1.1505000000000002e-16,3.871111111111112e-18
59145.35,1.14e-16,1.29e-18,1.1471666666666667e-16,3.6427777777777786e-18
59146.24,1.06e-16,7.344999999999999e-18,1.1455e-16,3.7411111111111125e-18
59147.31,1.21e-16,5.79e-18,1.1421666666666666e-16,3.639444444444445e-18
59149.2,1.27e-16,6.27e-18,1.1388333333333334e-16,3.806666666666668e-18
59149.21,1.16e-16,7.71e-18,1.1361666666666666e-16,3.883888888888891e-18
59151.23,1.16e-16,5.79e-18,1.1346666666666667e-16,3.898888888888891e-18
59153.32,1.17e-16,5.65e-18,1.1345e-16,3.811666666666669e-18
59154.17,1.18e-16,4.76e-18,1.1323333333333334e-16,3.872777777777779e-18
59155.25,1.155e-16,3.4100000000000003e-18,1.1329999999999999e-16,3.683888888888891e-18
59157.32,1.195e-16,2.705e-18,1.1285e-16,3.950555555555557e-18
59158.21,1.15e-16,1.75e-18,1.1281666666666668e-16,4.017222222222223e-18
59164.28,1.14e-16,1.96e-18,1.1298333333333334e-16,3.9627777777777784e-18
59164.29,1.12e-16,1.48e-18,1.1368333333333333e-16,4.313888888888888e-18
59165.22,1.09e-16,6.48e-19,1.1338333333333333e-16,4.469444444444443e-18
59166.35,1.13e-16,1.0535e-18,1.1335e-16,4.587222222222221e-18
59167.25,1.09e-16,1.69e-18,1.1343333333333333e-16,4.362777777777776e-18
59168.14,1.11e-16,9.335e-19,1.1356666666666666e-16,4.579444444444443e-18
59169.19,1.07e-16,6.07e-19,1.1386666666666666e-16,4.430555555555554e-18
59170.14,1.095e-16,9.535e-19,1.1380000000000002e-16,4.484999999999998e-18
59171.2,1.12e-16,7.56e-19,1.1306666666666666e-16,4.238333333333332e-18
59172.15,1.125e-16,4.28e-19,1.1273333333333333e-16,4.318888888888886e-18
59173.22,1.1e-16,1.05e-18,1.1246666666666666e-16,4.328888888888886e-18
59174.12,1.1e-16,2.0899999999999997e-18,1.1206666666666667e-16,4.4055555555555524e-18
59175.17,1.03e-16,1.36e-17,1.1183333333333333e-16,4.251111111111108e-18
59178.23,1.14e-16,3.15e-18,1.1153333333333333e-16,4.329444444444441e-18
59179.11,1.15e-16,3.64e-18,1.1118333333333334e-16,4.180555555555553e-18
59183.08,1.06e-16,5.26e-18,1.1098333333333333e-16,4.129444444444443e-18
59184.26,1.15e-16,4.34e-18,1.1081666666666668e-16,4.159999999999998e-18
59185.16,1.07e-16,3.72e-18,1.1081666666666668e-16,4.029444444444442e-18
59186.26,1.18e-16,9.38e-18,1.1078333333333333e-16,4.1088888888888865e-18
59187.3,1.15e-16,5.36e-18,1.1091666666666667e-16,4.089999999999998e-18
59188.24,1.19e-16,3.3e-18,1.1058333333333333e-16,4.2458888888888874e-18
59190.16,1.05e-16,8.91e-19,1.1071666666666667e-16,4.1177777777777764e-18
59192.15,1.06e-16,2.08e-17,1.108e-16,4.1218888888888864e-18
59193.12,1.08e-16,9.11e-18,1.1083333333333333e-16,4.276444444444443e-18
59194.14,1.05e-16,7.91e-19,1.1085e-16,4.4655555555555544e-18
59195.2,1.11e-16,1.2e-18,1.1113333333333332e-16,4.770222222222221e-18
59197.2,1.065e-16,4.285e-18,1.1105e-16,4.721555555555556e-18
59198.11,1.09e-16,1.15e-18,1.1118333333333334e-16,4.432888888888888e-18
59199.13,1.12e-16,2.56e-18,1.1086666666666667e-16,4.431555555555555e-18
59199.14,1.11e-16,3.66e-18,1.1046666666666666e-16,4.438e-18
59200.11,1.07e-16,1.95e-18,1.096e-16,3.961111111111111e-18
59202.13,1.09e-16,8.88e-19,1.0946666666666667e-16,3.9408888888888894e-18
59202.14,1.12e-16,1.23e-18,1.0926666666666666e-16,3.8966666666666675e-18
59203.11,1.13e-16,1.7e-18,1.0913333333333334e-16,3.8675555555555565e-18
59204.15,1.01e-16,2.72e-18,1.0824333333333333e-16,4.107333333333334e-18
59204.21,1.11e-16,3.06e-18,1.0797666666666667e-16,4.020888888888889e-18
59205.16,1.12e-16,1.15e-18,1.0757666666666667e-16,3.7785185185185196e-18
59210.16,1.1299999999999999e-16,5.3e-18,1.0729666666666666e-16,3.908666666666668e-18
59211.15,1.13e-16,4.28e-18,1.0709333333333332e-16,3.951592592592594e-18
59215.25,1.185e-16,1.19e-17,1.0689333333333333e-16,3.984518518518521e-18
59216.11,1.0750000000000001e-16,6.205e-18,1.0689333333333333e-16,3.8091111111111125e-18
59216.12,1.07e-16,2.02e-18,1.0682666666666667e-16,3.9306296296296306e-18
59218.14,1.045e-16,1.505e-18,1.0692666666666667e-16,3.926370370370372e-18
59218.15,1.03e-16,6.2e-19,1.0701e-16,4.061555555555557e-18
59219.17,1.03e-16,1.37e-18,1.0661e-16,4.209703703703705e-18
59219.18,1.02e-16,4.07e-19,1.0637666666666667e-16,4.2608148148148155e-18
59220.11,1.09e-16,1.44e-18,1.0614333333333332e-16,4.383037037037039e-18
59220.12,1.03e-16,1e-18,1.0594333333333331e-16,4.489703703703705e-18
59221.12,9.13e-17,1.37e-17,1.0571000000000001e-16,4.453592592592594e-18
59223.11,1.07e-16,4.46e-19,1.0551e-16,4.335259259259259e-18
59224.11,1.07e-16,1.67e-18,1.0585444444444445e-16,4.226925925925926e-18
59224.12,9.66e-17,2.23e-18,1.0622111111111112e-16,4.6103703703703704e-18
59225.19,9.99e-17,5.15e-18,1.0598777777777779e-16,4.528481481481482e-18
59226.11,1.02e-16,1.96e-18,1.0582111111111112e-16,4.341537037037038e-18
59227.15,1.05e-16,3.05e-18,1.0558777777777778e-16,4.208481481481481e-18
59228.11,1.09e-16,4.79e-18,1.0522111111111112e-16,3.847648148148148e-18
59229.12,1.095e-16,3.32e-18,1.0507777777777777e-16,3.994592592592593e-18
59231.16,1.1149999999999999e-16,4.955e-18,1.0526111111111111e-16,4.1449814814814815e-18
59232.13,1e-16,4.4e-19,1.0557777777777777e-16,4.277481481481482e-18
59233.16,1.04e-16,2.015e-18,1.0606666666666667e-16,4.484425925925926e-18
59250.15,1e-16,5.18e-18,1.0626666666666667e-16,4.4052592592592605e-18
59252.16,1.03e-16,2.55e-18,1.0666666666666667e-16,4.475351851851852e-18
59254.17,1.05e-16,3.07e-18,1.0665e-16,4.4258888888888896e-18
59256.15,1.07e-16,3.06e-18,1.0668333333333334e-16,4.428074074074075e-18
59263.12,1.1133333333333333e-16,7.313333333333334e-18,1.0734000000000001e-16,4.0757777777777785e-18
59263.13,1.22e-16,9.06e-18,1.0747333333333334e-16,4.162777777777778e-18
59264.12,1.05e-16,4.495e-18,1.0696666666666667e-16,4.618111111111112e-18
59264.13,1.08e-16,5.7499999999999994e-18,1.07905e-16,4.927222222222223e-18
59265.12,1.06e-16,3.8399999999999996e-18,1.0791500000000001e-16,4.907370370370371e-18
59265.13,1.075e-16,4.205e-18,1.0828166666666667e-16,5.035925925925926e-18
59267.12,1.0319999999999999e-16,6.673333333333333e-18,1.08215e-16,5.076074074074074e-18
59267.13,1.125e-16,5.885e-18,1.0781500000000001e-16,5.2059629629629645e-18
59273.11,1.14e-16,8.925000000000001e-18,1.0759833333333333e-16,5.111962962962964e-18
59273.12,1.1766666666666667e-16,9.889999999999999e-18,1.0744833333333333e-16,4.995592592592594e-18
59274.11,1.09e-16,1.61e-17,1.07765e-16,5.010870370370372e-18
59274.12,1.14e-16,1.39e-17,1.0752055555555557e-16,5.140592592592594e-18
59275.11,1.085e-16,7.355e-18,1.0712722222222223e-16,5.395314814814816e-18
59275.12,1.04e-16,8.176666666666667e-18,1.070088888888889e-16,5.332759259259261e-18
59276.11,1.11e-16,6.67e-18,1.0715888888888889e-16,5.57714814814815e-18
59276.12,1.1099999999999999e-16,5.833333333333334e-18,1.069e-16,5.5905370370370396e-18
59278.11,9.18e-17,1.56e-17,1.0660555555555555e-16,5.566259259259262e-18
59278.12,1.2475e-16,1.53e-17,1.0585555555555556e-16,5.124425925925929e-18
59346.49,1.002e-16,8.655e-18,1.0569222222222222e-16,5.13492592592593e-18
59348.48,1.13e-16,5.59e-18,1.0532222222222222e-16,5.146981481481484e-18
59348.49,1.03e-16,7.36e-18,1.0479222222222222e-16,5.268925925925929e-18
59349.48,9.7e-17,6.925e-18,1.0467555555555555e-16,5.558425925925929e-18
59349.49,1.03e-16,1.0295e-17,1.0460222222222223e-16,5.632703703703707e-18
59352.48,1.07e-16,7.51e-18,1.0425222222222222e-16,5.7703148148148174e-18
59352.49,1.095e-16,1.1100000000000001e-17,1.0346388888888888e-16,5.6305925925925955e-18
59353.48,9.666666666666666e-17,6.763333333333333e-18,1.0262499999999999e-16,5.3158703703703725e-18
59353.49,8.82e-17,1.03e-17,1.0210833333333332e-16,5.363814814814818e-18
59354.48,9.945e-17,7.99e-18,1.0124000000000001e-16,5.252981481481484e-18
59354.49,1.095e-16,1.0945000000000001e-17,1.0051833333333333e-16,5.3460925925925944e-18
59356.47,9.923333333333332e-17,4.37e-18,9.995166666666666e-17,5.3562777777777795e-18
59356.48,1.025e-16,4.9150000000000004e-18,9.923499999999999e-17,5.229759259259262e-18
59357.47,9.95e-17,3.96e-18,9.822833333333332e-17,5.362870370370372e-18
59357.48,1.001e-16,4.3849999999999994e-18,9.781833333333333e-17,5.155796296296299e-18
59358.47,9.69e-17,6.034e-18,9.644333333333333e-17,4.662759259259262e-18
59387.44,9.01e-17,2.24e-18,9.567333333333333e-17,4.8065740740740774e-18
59390.39,1.04e-16,6.5e-18,9.453333333333333e-17,4.801870370370373e-18
59391.41,1.01e-16,4.94e-18,9.375666666666667e-17,4.9525740740740765e-18
59392.44,1.02e-16,4.92e-18,9.318666666666667e-17,4.871500000000003e-18
59393.46,9.035e-17,3.34e-18,9.256000000000001e-17,4.825981481481484e-18
59394.46,9.25e-17,3.92e-18,9.172333333333334e-17,4.791944444444447e-18
59396.41,9.35e-17,3.985e-18,9.082666666666666e-17,4.6132407407407436e-18
59397.41,8.795e-17,2.995e-18,9.110444444444443e-17,5.156574074074076e-18
59400.45,8.685e-17,1.026e-18,9.101611111111111e-17,4.805240740740743e-18
59401.44,8.7e-17,1.31e-18,9.031444444444444e-17,4.8346851851851874e-18
59402.43,8.95e-17,1.013e-18,8.945444444444444e-17,4.635796296296297e-18
59403.43,8.08e-17,6.84e-19,8.889333333333334e-17,4.682740740740742e-18
59404.46,7.95e-17,1.12e-19,8.809333333333334e-17,4.623907407407407e-18
59405.43,8.35e-17,9.19e-19,8.760333333333333e-17,4.751185185185185e-18
59407.43,7.71e-17,3.93e-19,8.690666666666668e-17,4.686351851851851e-18
59409.46,7.88e-17,1.52e-18,8.633666666666666e-17,4.6818518518518504e-18
59411.45,7.97e-17,5.26e-19,8.601333333333333e-17,4.525018518518516e-18
59414.46,7.99e-17,1.56e-18,8.514333333333334e-17,4.260962962962961e-18
59417.47,8.42e-17,1.31e-17,8.443666666666667e-17,4.035018518518517e-18
59422.43,8.19e-17,2.9e-18,8.362666666666667e-17,3.791074074074072e-18
59424.38,8.26e-17,3.56e-18,8.3275e-17,3.741685185185183e-18
59426.46,8.555e-17,2.125e-18,8.218166666666667e-17,3.810907407407406e-18
59427.42,7.84e-17,9.16e-19,8.107333333333333e-17,4.501148148148147e-18
59427.46,8.37e-17,1.58e-18,8.068500000000001e-17,4.4626111111111106e-18
59428.4,8.239999999999999e-17,6.069999999999999e-19,8.027333333333333e-17,4.478796296296295e-18
59428.47,7.85e-17,7.75e-19,7.999999999999999e-17,4.596499999999998e-18
59429.4,8.48e-17,8.8e-19,7.971e-17,4.510166666666664e-18
59429.46,7.92e-17,9.97e-19,7.953666666666666e-17,4.333555555555553e-18
59430.36,7.98e-17,1.36e-18,7.947833333333334e-17,4.34572222222222e-18
59430.37,8.04e-17,1.1e-18,7.953166666666667e-17,4.069888888888886e-18
59430.39,7.79e-17,1.34e-18,7.9445e-17,3.844833333333331e-18
59434.37,7.98e-17,1.45e-18,7.933499999999999e-17,3.645944444444443e-18
59435.37,7.77e-17,1.47e-18,7.919499999999999e-17,3.495388888888886e-18
59435.48,7.98e-17,1.46e-18,7.907166666666666e-17,3.631499999999997e-18
59436.38,7.65e-17,1.46e-18,7.915499999999999e-17,3.852944444444442e-18
59436.46,7.67e-17,1.53e-18,7.957166666666667e-17,4.473222222222219e-18
59438.46,7.52e-17,1.38e-18,7.821e-17,3.667999999999997e-18
59439.39,7.464999999999999e-17,5.415e-19,7.844999999999999e-17,3.8908333333333305e-18
59439.46,8.13e-17,1.25e-18,7.772333333333333e-17,4.2647222222222204e-18
59440.39,7.21e-17,1.1e-18,7.760333333333332e-17,4.286166666666665e-18
59442.34,7.43e-17,1.26e-18,7.7595e-17,4.32172222222222e-18
59442.43,8.175e-17,9.47e-19,7.728166666666667e-17,4.160722222222221e-18
59443.3,7.87e-17,2.64e-18,7.716833333333333e-17,4.151944444444442e-18
59443.48,7.62e-17,5.69e-19,7.698500000000001e-17,4.178055555555554e-18
59446.37,7.64e-17,3.28e-18,7.674666666666667e-17,4.221277777777776e-18
59446.4,7.57e-17,2.82e-18,7.642666666666665e-17,4.404055555555555e-18
59446.41,8.05e-17,3.15e-18,7.618e-17,4.477499999999998e-18
59447.28,8.44e-17,7.07e-18,7.603e-17,4.492833333333332e-18
59449.32,7.47e-17,4.37e-18,7.569833333333333e-17,4.473944444444444e-18
59449.34,7.5e-17,6.47e-18,7.547166666666666e-17,4.502277777777776e-18
59450.34,8.56e-17,1.6e-17,7.624166666666666e-17,3.841722222222221e-18
59450.38,6.19e-17,1.06e-17,7.613166666666667e-17,3.804388888888887e-18
59451.28,7.88e-17,8.65e-18,7.603e-17,3.735055555555554e-18
59453.34,7.825e-17,2.62e-18,7.568333333333334e-17,3.704833333333331e-18
59454.34,7.54e-17,1.97e-18,7.565999999999999e-17,3.5873888888888874e-18
59454.44,7.58e-17,2e-18,7.572666666666666e-17,3.580833333333333e-18
59458.34,7.43e-17,1.35e-18,7.5405e-17,3.462833333333333e-18
59459.36,7.325000000000001e-17,1.555e-18,7.5415e-17,3.609388888888889e-18
59459.46,6.83e-17,1.71e-18,7.532833333333333e-17,3.5928333333333326e-18
59460.32,7.24e-17,8.94e-19,7.506833333333333e-17,3.7385e-18
59460.37,7.32e-17,1.52e-18,7.5155e-17,3.875277777777779e-18
59461.37,7.34e-17,1.53e-18,7.482833333333334e-17,3.823166666666667e-18
59461.38,7.295000000000001e-17,1.58e-18,7.433833333333334e-17,3.674055555555555e-18
59462.4,6.99e-17,1.45e-18,7.362166666666665e-17,3.0368333333333334e-18
59463.32,7.78e-17,5.34e-19,7.3755e-17,3.1590555555555556e-18
59463.33,7.19e-17,8.76e-19,7.378999999999999e-17,3.2033888888888885e-18
59463.38,7.16e-17,1.35e-18,7.332e-17,2.9692777777777775e-18
59464.35,7.09e-17,1.5e-18,7.356999999999999e-17,2.6508333333333325e-18
59464.38,7.14e-17,1.53e-18,7.338000000000001e-17,2.5917777777777778e-18
59465.35,7.63e-17,1.18e-18,7.320166666666666e-17,2.5412777777777783e-18
59465.36,7.21e-17,1.06e-18,7.302833333333334e-17,2.6518888888888892e-18
59465.47,7.9e-17,5.61e-19,7.307166666666666e-17,2.7687222222222235e-18
59466.35,7.36e-17,1.6e-18,7.331166666666665e-17,2.9967222222222226e-18
59466.39,6.86e-17,1.21e-18,7.331666666666666e-17,2.925055555555557e-18
59467.36,7.83e-17,1.4e-18,7.347e-17,2.7080555555555566e-18
59467.38,7.07e-17,1.575e-18,7.345666666666666e-17,2.6738333333333346e-18
59468.4,6.97e-17,1.49e-18,7.359666666666667e-17,2.7428333333333348e-18
59469.36,7.36e-17,1.32e-18,7.376666666666666e-17,2.8612777777777797e-18
59469.4,7.87e-17,1.47e-18,7.4035e-17,3.065500000000001e-18
59470.41,7.605e-17,1.0785e-18,7.424833333333334e-17,3.0433888888888906e-18
59470.44,7.15e-17,1.24e-18,7.3835e-17,3.1542777777777796e-18
59471.23,6.94e-17,2.8e-18,7.407833333333333e-17,3.313055555555558e-18
59472.37,7.31e-17,1.185e-18,7.409833333333334e-17,3.257722222222224e-18
59472.39,7.29e-17,1.49e-18,7.395166666666667e-17,3.3577222222222248e-18
59473.44,7.02e-17,1.34e-18,7.377833333333334e-17,3.4915000000000026e-18
59473.48,7.71e-17,9.78e-19,7.352166666666666e-17,3.502444444444447e-18
59474.23,8.15e-17,2.99e-18,7.355500000000001e-17,3.50327777777778e-18
59474.28,7.34e-17,3.07e-18,7.3415e-17,3.394666666666669e-18
59474.33,7.29e-17,2.27e-18,7.341833333333334e-17,3.4452777777777794e-18
59476.32,7.2e-17,3.86e-18,7.364166666666666e-17,3.3976111111111124e-18
59476.45,7.74e-17,4e-18,7.3375e-17,3.2837222222222235e-18
59477.22,7.85e-17,5.79e-18,7.351833333333332e-17,3.2957222222222227e-18
59477.24,8.1e-17,5.69e-18,7.3485e-17,3.2625000000000013e-18
59479.26,7.63e-17,6.58e-18,7.324166666666667e-17,3.4208333333333346e-18
59479.36,6.54e-17,5.58e-18,7.277166666666667e-17,3.4748888888888905e-18
59480.26,7.92e-17,6.67e-18,7.254666666666667e-17,3.4621666666666688e-18
59483.35,7.22e-17,4.13e-18,7.226e-17,3.641666666666669e-18
59484.26,6.65e-17,9.66e-19,7.217e-17,3.6005000000000025e-18
59484.35,6.62e-17,1.53e-18,7.219333333333333e-17,3.6968888888888906e-18
59485.25,6.86e-17,5.68e-19,7.202666666666667e-17,3.72738888888889e-18
59486.27,7.31e-17,6.28e-19,7.214666666666666e-17,3.7428888888888894e-18
59486.3,7.48e-17,6.05e-19,7.213e-17,3.8549444444444446e-18
59487.33,7.37e-17,6.66e-19,7.189333333333333e-17,3.7550000000000004e-18
59487.37,7.53e-17,2.18e-18,7.201333333333334e-17,4.011833333333333e-18
59488.3,7.03e-17,4.895e-19,7.171333333333334e-17,4.167777777777777e-18
59489.44,7.5e-17,3.64e-18,7.188333333333335e-17,4.387722222222221e-18
59490.26,6.87e-17,9.85e-18,7.160000000000001e-17,4.263666666666666e-18
59490.3,6.63e-17,1.19e-18,7.121666666666666e-17,4.140277777777775e-18
59491.2,6.46e-17,9.06e-19,7.088666666666667e-17,3.987611111111109e-18
59491.24,6.93e-17,7.204999999999999e-19,7.072e-17,3.990944444444442e-18
59494.28,6.29e-17,1.69e-18,7.062e-17,3.933833333333331e-18
59497.3,6.67e-17,1.66e-19,7.014333333333333e-17,3.808888888888886e-18
59497.44,7.38e-17,2.24e-18,6.991e-17,3.895111111111108e-18
59498.36,6.79e-17,1.1e-18,6.986666666666665e-17,3.796555555555552e-18
59502.26,7.38e-17,2.67e-18,6.975666666666667e-17,3.77433333333333e-18
59502.37,7.66e-17,2.5099999999999997e-18,6.966000000000001e-17,3.74733333333333e-18
59503.17,7.44e-17,3.35e-18,6.945333333333332e-17,3.7644444444444396e-18
59503.37,7.7e-17,3.38e-18,6.928e-17,3.717666666666662e-18
59504.27,6.39e-17,4.7650000000000005e-18,6.909666666666667e-17,3.658888888888885e-18
59504.32,7.71e-17,3.73e-18,6.886000000000001e-17,3.551333333333329e-18
59505.24,6.89e-17,4.4e-18,6.859666666666667e-17,3.706777777777774e-18
59509.24,6.7e-17,4.12e-18,6.828e-17,3.6995555555555525e-18
59512.13,7.11e-17,6.94e-19,6.816500000000001e-17,3.719555555555552e-18
59512.29,7.13e-17,1.3e-18,6.814166666666667e-17,3.657999999999997e-18
59512.32,6.24e-17,1.67e-18,6.805833333333333e-17,3.6704444444444415e-18
59517.24,6.49e-17,1.25e-18,6.7805e-17,3.852888888888886e-18
59517.28,6.52e-17,1.54e-18,6.784666666666666e-17,3.7671111111111076e-18
59518.3,6.52e-17,1.5e-18,6.791333333333334e-17,3.691999999999998e-18
59520.21,6.29e-17,4.36e-19,6.822666666666666e-17,3.998888888888886e-18
59520.26,6.57e-17,1.61e-18,6.831666666666666e-17,3.935555555555553e-18
59521.16,6.69e-17,8.585e-19,6.836666666666666e-17,3.943111111111109e-18
59522.31,6.96e-17,8.11e-19,6.833333333333333e-17,3.855444444444443e-18
59523.14,6.82e-17,8.12e-19,6.824333333333335e-17,3.702666666666664e-18
59523.23,6.82e-17,1.5449999999999999e-18,6.826e-17,3.65011111111111e-18
59524.21,6.24e-17,1.45e-18,6.847666666666667e-17,3.5222962962962944e-18
59524.25,6.55e-17,1.31e-18,6.84e-17,3.334277777777777e-18
59525.16,6.525e-17,1.0554999999999999e-18,6.875000000000001e-17,3.545888888888889e-18
59525.27,6.56e-17,1.34e-18,6.867e-17,3.79961111111111e-18
59526.15,6.21e-17,1.16e-18,6.876000000000001e-17,3.705111111111111e-18
59526.26,6.17e-17,1.44e-18,6.859333333333333e-17,3.870666666666668e-18
59527.19,6.414999999999999e-17,9.015e-19,6.929666666666666e-17,3.966666666666667e-18
59527.28,6.87e-17,5.08e-19,6.989e-17,4.093111111111111e-18
59529.19,8.32e-17,5.98e-19,7.010333333333334e-17,4.209222222222223e-18
59529.34,7.06e-17,8.76e-19,7.053333333333333e-17,4.123833333333335e-18
59530.21,7.53e-17,2.22e-18,7.103e-17,3.960185185185186e-18
59530.24,7.56e-17,2.56e-18,7.129e-17,4.0439259259259265e-18
59530.25,7.17e-17,2.23e-18,7.133666666666668e-17,4.344370370370372e-18
59531.13,7.75e-17,3.63e-18,7.135666666666667e-17,4.60114814814815e-18
59532.14,7.04e-17,2.6250000000000003e-18,7.176222222222222e-17,4.6132592592592605e-18
59532.37,7.48e-17,3.88e-18,7.220055555555554e-17,4.65364814814815e-18
59536.38,7.94e-17,9.03e-18,7.274833333333332e-17,4.5029259259259284e-18
59537.17,6.46e-17,1.05e-17,7.349166666666666e-17,4.64525925925926e-18
59537.33,7.38e-17,7.12e-18,7.39e-17,4.631481481481483e-18
59538.26,6.63e-17,3.69e-18,7.442500000000001e-17,4.533203703703704e-18
59540.2,8.35e-17,3.09e-18,7.496166666666668e-17,4.417814814814814e-18
59540.34,8.27e-17,5.33e-18,7.600166666666666e-17,4.5626481481481484e-18
59542.21,7.16e-17,1.78e-18,7.773e-17,5.534703703703703e-18
59543.14,7.81e-17,3.39e-18,7.825166666666666e-17,5.5773981481481476e-18
59550.12,7.78e-17,2.38e-18,7.821722222222222e-17,5.142759259259259e-18
59550.13,7.35e-17,9.42e-19,7.862888888888888e-17,5.1658703703703695e-18
59550.15,6.83e-17,8.19e-19,7.878000000000001e-17,5.0920925925925925e-18
59624.16,7.02e-17,5.99e-18,7.917e-17,5.1260925925925925e-18
59628.12,8.036666666666668e-17,4.576666666666667e-18,7.996e-17,5.551675925925926e-18
59628.13,8.135e-17,5.02e-18,8.007833333333334e-17,5.392870370370371e-18
59629.12,7.883333333333333e-17,5.416666666666666e-18,8.038833333333334e-17,5.431694444444446e-18
59629.13,8.779999999999999e-17,5.5e-18,8.063e-17,5.347314814814815e-18
59630.12,7.750000000000001e-17,5.206666666666666e-18,8.058666666666667e-17,5.247175925925926e-18
59630.13,8.135e-17,5.565e-18,8.122833333333334e-17,5.045203703703705e-18
59631.12,7.82e-17,1.04e-17,8.139833333333333e-17,5.110231481481481e-18
59631.13,9.29e-17,9.36e-18,8.166166666666667e-17,5.0503703703703696e-18
59639.11,8.435e-17,7.675e-18,8.187916666666667e-17,4.9623703703703705e-18
59639.12,8.216666666666667e-17,7.28e-18,8.210916666666666e-17,4.769731481481482e-18
59640.11,8.295e-17,7.42e-18,8.219000000000001e-17,4.8605925925925934e-18
59640.12,7.983333333333333e-17,6.243333333333334e-18,8.189e-17,5.133972222222222e-18
59711.48,8.730000000000001e-17,1.305e-17,8.196999999999999e-17,4.997462962962964e-18
59711.49,9.54e-17,1.715e-17,8.226916666666666e-17,4.676657407407407e-18
59712.48,8.105e-17,6.5800000000000004e-18,8.242916666666667e-17,4.3998518518518514e-18
59712.49,7.969999999999999e-17,9.4e-18,8.222694444444445e-17,4.401824074074075e-18
59713.48,8.205e-17,7.995000000000001e-18,8.198194444444443e-17,4.371796296296296e-18
59713.49,7.809999999999999e-17,1.0690000000000001e-17,8.17475e-17,4.379879629629629e-18
59714.48,8.385e-17,9.830000000000001e-18,8.10175e-17,4.384740740740741e-18
59714.49,7.89e-17,1.007e-17,8.095083333333332e-17,4.369212962962964e-18
59718.48,7.42e-17,6.7725e-18,8.052916666666666e-17,4.489740740740742e-18
59718.49,8.44e-17,8.57e-18,8.027583333333333e-17,4.430601851851853e-18
59719.48,8.832500000000001e-17,9.8e-18,7.98525e-17,4.335851851851853e-18
59719.49,7.85e-17,1.3e-17,7.814916666666667e-17,3.402490740740742e-18
59720.48,8.0525e-17,5.5175e-18,7.764750000000001e-17,3.3580185185185198e-18
59720.49,6.88e-17,7.29e-18,7.74186111111111e-17,3.528990740740742e-18
59723.46,7.59e-17,5.31e-18,7.693361111111112e-17,3.542962962962964e-18
59723.47,7.7275e-17,4.475e-18,7.641916666666666e-17,3.6426018518518534e-18
59724.47,7.5e-17,3.786e-18,7.566583333333334e-17,3.61701851851852e-18
59725.46,7.43e-17,2.53e-18,7.476583333333334e-17,3.1905462962962977e-18
59725.47,7.4e-17,2.845e-18,7.437083333333333e-17,3.173351851851853e-18
59725.48,7.18e-17,3.93e-18,7.35975e-17,3.470231481481481e-18
59763.43,6.59e-17,1.01e-18,7.321583333333334e-17,3.567296296296296e-18
59766.39,7.55e-17,6.13e-19,7.287916666666667e-17,3.4669351851851844e-18
59772.39,6.87e-17,4.53e-18,7.243749999999999e-17,3.485185185185185e-18
59772.46,7.06e-17,1.01e-18,7.202416666666667e-17,3.4172685185185185e-18
59775.41,8.02e-17,3.91e-18,7.180416666666666e-17,3.2461851851851854e-18
59775.46,6.49e-17,2.99e-18,7.12075e-17,3.1243796296296296e-18
59778.43,6.93e-17,3.96e-18,7.043666666666668e-17,2.8505185185185184e-18
59778.46,7.53e-17,3.15e-18,7.011333333333334e-17,2.951379629629629e-18
59783.41,6.84e-17,1.2e-18,6.957916666666666e-17,2.8815740740740738e-18
59785.41,6.44e-17,9.31e-19,6.944583333333333e-17,2.5942870370370375e-18
59787.43,6.47e-17,1.27e-18,6.926250000000001e-17,2.7562777777777775e-18
59789.45,6.84e-17,7.17e-19,6.873666666666667e-17,2.8314166666666666e-18
59793.42,6.92e-17,1.56e-18,6.833666666666667e-17,2.865222222222222e-18
59795.45,5.65e-17,5.88e-18,6.793333333333334e-17,2.9225833333333326e-18
59798.45,7.06e-17,8.97e-19,6.762000000000001e-17,2.913888888888889e-18
59801.46,6.8e-17,6.7e-19,6.736333333333334e-17,2.880194444444444e-18
59803.42,7.06e-17,3.7e-18,6.722e-17,2.747777777777777e-18
59806.41,6.65e-17,4.31e-18,6.651333333333333e-17,3.0156388888888878e-18
59808.38,6.76e-17,3.1e-18,6.640333333333334e-17,2.9082777777777776e-18
59810.43,6.65e-17,6.11e-19,6.603e-17,3.038138888888889e-18
59813.38,6.52e-17,1.51e-18,6.545666666666667e-17,2.806611111111111e-18
59815.39,6.88e-17,1.2e-18,6.542333333333334e-17,2.6113611111111113e-18
59817.38,6.45e-17,1.27e-18,6.528333333333333e-17,2.6120277777777777e-18
59819.47,6.48e-17,1.67e-18,6.48e-17,2.534805555555556e-18
59822.47,7.04e-17,8.07e-19,6.450666666666666e-17,2.626944444444446e-18
59824.37,6.15e-17,1.37e-18,6.461e-17,2.594416666666668e-18
59843.3,6.3e-17,1.44e-18,6.468000000000001e-17,2.5633333333333343e-18
59845.3,6.22e-17,1.45e-18,6.438666666666667e-17,2.666777777777778e-18
59848.32,6.46e-17,8.82e-19,6.448999999999999e-17,2.9440000000000007e-18
59850.27,6.41e-17,1.03e-18,6.488666666666666e-17,2.7412222222222242e-18
59852.28,6.16e-17,1.46e-18,6.494333333333333e-17,2.9330000000000016e-18
59854.3,5.43e-17,1.57e-18,6.495666666666666e-17,3.081666666666669e-18
59856.31,6.54e-17,4.19e-19,6.488333333333333e-17,3.13277777777778e-18
59858.33,5.94e-17,2.69e-18,6.472000000000001e-17,3.2123333333333357e-18
59860.22,6.3e-17,4.45e-18,6.445e-17,3.3303333333333353e-18
59864.27,6.39e-17,5.14e-18,6.435e-17,3.3405555555555585e-18
59866.35,6.51e-17,2.26e-18,6.394333333333332e-17,3.701444444444447e-18
59871.2,6.08e-17,1.44e-18,6.367e-17,3.708666666666668e-18
59873.18,5.96e-17,5.1e-19,6.354333333333334e-17,3.815333333333336e-18
59878.23,6.75e-17,1.37e-18,6.342999999999999e-17,3.920388888888891e-18
59880.17,6.68e-17,1.14e-18,6.317e-17,3.78177777777778e-18
59882.24,5.96e-17,8.06e-19,6.304e-17,3.887333333333336e-18
59885.17,7.23e-17,2.57e-18,6.311999999999999e-17,3.890259259259262e-18
59888.3,6.84e-17,1.35e-17,6.304999999999998e-17,3.929333333333336e-18
59894.28,7.23e-17,4.04e-18,6.356666666666667e-17,4.494740740740742e-18
59896.28,6.84e-17,2.89e-18,6.330333333333334e-17,4.676777777777779e-18
59899.18,6.84e-17,4.84e-18,6.348666666666666e-17,4.743462962962965e-18
59903.19,6.16e-17,8.4e-19,6.4e-17,4.6738703703703724e-18
59905.17,5.95e-17,5.65e-18,6.423666666666667e-17,5.052611111111113e-18
59907.17,6.35e-17,2.63e-18,6.427666666666667e-17,4.887601851851853e-18
59909.25,5.3e-17,5.14e-19,6.408333333333334e-17,4.9239444444444456e-18
59911.19,6.06e-17,8.04e-18,6.419333333333333e-17,5.166101851851854e-18
59914.13,6.07e-17,1.47e-18,6.468333333333334e-17,5.800592592592594e-18
59923.2,6.14e-17,2.28e-18,6.455166666666667e-17,5.780190740740742e-18
59928.18,6.26e-17,2.96e-18,6.4335e-17,5.839388888888889e-18
59932.23,5.76e-17,1.87e-18,6.387666666666666e-17,5.862631481481481e-18
59934.24,6.54e-17,1.27e-18,6.363222222222221e-17,5.773722222222222e-18
59936.2,6.01e-17,5.01e-19,6.345888888888889e-17,5.79940925925926e-18
59951.24,8.01e-17,7.99e-18,6.302777777777779e-17,5.53538888888889e-18
59958.14,5.62e-17,1.2e-18,6.244777777777778e-17,5.584631481481481e-18
59966.14,6.71e-17,4.62e-18,6.175611111111112e-17,5.462207407407408e-18
59968.16,6.97e-17,2.89e-18,6.113111111111111e-17,5.514894444444444e-18
59970.14,7.25e-17,4.61e-18,6.062111111111111e-17,5.427025925925925e-18
59972.21,6.06e-17,9.09e-18,6.023027777777778e-17,5.506657407407407e-18
59980.12,5.72e-17,3.51e-18,5.974027777777778e-17,5.6466777777777776e-18
59984.12,6.72e-17,4.57e-18,5.948527777777779e-17,5.705657407407406e-18
59991.16,7.98e-17,9.09e-18,5.96086111111111e-17,5.459081481481481e-18
60077.48,5.685e-17,7.69e-18,5.910794444444444e-17,5.561212962962963e-18
60077.49,5.31e-17,8.03e-18,5.881927777777778e-17,5.465748148148147e-18
60078.48,5.375e-17,6.5700000000000005e-18,5.851727777777778e-17,5.41606111111111e-18
60078.49,5.946666666666667e-17,8.46e-18,5.850394444444444e-17,5.755262962962962e-18
60079.48,5.4400000000000006e-17,6.945e-18,5.861061111111111e-17,5.9081314814814804e-18
60079.49,5.936666666666668e-17,8.596666666666668e-18,5.810727777777778e-17,5.875259259259257e-18
60081.48,5.1e-17,7.635e-18,5.782727777777777e-17,5.845238888888888e-18
60081.49,5.155e-17,7.585e-18,5.661061111111111e-17,5.445481481481481e-18
60082.48,4.9650000000000003e-17,5.29e-18,5.632727777777777e-17,5.266205555555555e-18
60082.49,5.31e-17,6.82e-18,5.537727777777778e-17,5.421337037037037e-18
60083.48,4.9875e-17,4.4525e-18,5.4663944444444444e-17,5.141912962962963e-18
60083.49,4.48e-17,6.06e-18,5.3737277777777784e-17,4.855377777777778e-18
60085.48,5.585e-17,4.98e-18,5.3303944444444445e-17,4.853398148148148e-18
60085.49,5.67e-17,7.76e-18,5.3013944444444445e-17,4.7872666666666664e-18
60087.47,4.5580000000000006e-17,2.774e-18,5.223727777777778e-17,4.660064814814815e-18
60088.47,5.2040000000000004e-17,3.156e-18,5.0920611111111113e-17,4.221862962962963e-18
60089.47,5.234e-17,3.176e-18,5.0678944444444446e-17,4.2013981481481474e-18
60090.46,6.22e-17,5.8e-18,5.028894444444445e-17,4.222244444444445e-18
60090.47,6.08e-17,5.8425e-18,4.993727777777778e-17,4.218224074074075e-18
60094.45,5.03e-17,2.32e-18,4.9518388888888887e-17,4.209688888888889e-18
60124.45,5.17e-17,5.29e-19,4.924172222222222e-17,4.1046685185185184e-18
60133.41,4.36e-17,3.58e-18,4.86795e-17,4.218244444444444e-18
60135.46,4.77e-17,1.11e-18,4.8569500000000003e-17,4.018112962962963e-18
60138.46,3.86e-17,5.32e-18,4.859783333333333e-17,4.030314814814814e-18
60141.43,4.83e-17,7.27e-19,4.848616666666667e-17,3.831738888888888e-18
60144.39,4.47e-17,7.71e-19,4.7982833333333334e-17,4.070385185185185e-18
60146.41,4.76e-17,5.31e-19,4.7910333333333333e-17,3.923309259259258e-18
60146.45,4.85e-17,1.54e-18,4.794366666666666e-17,3.674733333333333e-18
60150.45,4.39e-17,1.05e-18,4.7798666666666674e-17,3.727309259259259e-18
60160.44,4.03e-17,2.45e-18,4.734533333333333e-17,3.7547740740740735e-18
60163.44,4.96e-17,1.9e-18,4.7956000000000006e-17,4.051864814814814e-18
